1	1	A	1	12.5904	0.000322427
1	1	B	1	12.5904	0.000322427
1	1	A	2	12.1199	0.000351574
1	1	B	2	12.1199	0.000351574
1	1	A	3	11.8292	0.000381343
1	1	B	3	11.8292	0.000381343
1	1	A	4	11.6190	0.000471902
1	1	B	4	11.6190	0.000471902
1	2	A	1	12.4746	0.000324182
1	2	B	1	12.4746	0.000324182
1	2	A	2	11.9439	0.000349701
1	2	B	2	11.9439	0.000349701
1	2	A	3	12.1483	0.000370372
1	2	B	3	12.1483	0.000370372
1	2	A	4	11.7981	0.000461170
1	2	B	4	11.7981	0.000461170
1	3	A	1	12.5579	0.000304244
1	3	B	1	12.5579	0.000304244
1	3	A	2	12.0369	0.000363162
1	3	B	2	12.0369	0.000363162
1	3	A	3	11.8511	0.000396250
1	3	B	3	11.8511	0.000396250
1	3	A	4	11.6465	0.000463112
1	3	B	4	11.6465	0.000463112
1	4	A	1	12.6835	0.000440438
1	4	B	1	12.6835	0.000440438
1	4	A	2	12.2472	0.000480799
1	4	B	2	12.2472	0.000480799
1	4	A	3	12.1787	0.000507424
1	4	B	3	12.1787	0.000507424
1	4	A	4	11.8254	0.000701730
1	4	B	4	11.8254	0.000701730
1	5	A	1	12.5287	0.000369286
1	5	B	1	12.5287	0.000369286
1	5	A	2	12.1286	0.000384281
1	5	B	2	12.1286	0.000384281
1	5	A	3	11.8466	0.000423334
1	5	B	3	11.8466	0.000423334
1	5	A	4	11.9051	0.000502704
1	5	B	4	11.9051	0.000502704
1	6	A	1	12.3486	0.000315748
1	6	B	1	12.3486	0.000315748
1	6	A	2	11.8951	0.000366358
1	6	B	2	11.8951	0.000366358
1	6	A	3	11.6606	0.000385610
1	6	B	3	11.6606	0.000385610
1	6	A	4	11.6076	0.000470212
1	6	B	4	11.6076	0.000470212
1	7	A	1	12.4104	0.000339390
1	7	B	1	12.4104	0.000339390
1	7	A	2	12.0104	0.000370253
1	7	B	2	12.0104	0.000370253
1	7	A	3	11.7727	0.000462155
1	7	B	3	11.7727	0.000462155
1	7	A	4	11.8120	0.000522262
1	7	B	4	11.8120	0.000522262
1	8	A	1	12.4202	0.000367643
1	8	B	1	12.4202	0.000367643
1	8	A	2	12.1321	0.000353018
1	8	B	2	12.1321	0.000353018
1	8	A	3	11.8996	0.000382959
1	8	B	3	11.8996	0.000382959
1	8	A	4	11.6746	0.000467627
1	8	B	4	11.6746	0.000467627
1	9	A	1	12.1907	0.000365915
1	9	B	1	12.1907	0.000365915
1	9	A	2	11.7345	0.000428594
1	9	B	2	11.7345	0.000428594
1	9	A	3	11.6667	0.000447457
1	9	B	3	11.6667	0.000447457
1	9	A	4	11.6791	0.000535139
1	9	B	4	11.6791	0.000535139
1	10	A	1	12.2394	0.000428139
1	10	B	1	12.2394	0.000428139
1	10	A	2	11.8580	0.000480310
1	10	B	2	11.8580	0.000480310
1	10	A	3	11.8744	0.000511194
1	10	B	3	11.8744	0.000511194
1	10	A	4	11.7017	0.000669897
1	10	B	4	11.7017	0.000669897
1	11	A	1	12.3198	0.000335003
1	11	B	1	12.3198	0.000335003
1	11	A	2	11.8236	0.000368553
1	11	B	2	11.8236	0.000368553
1	11	A	3	11.6347	0.000400552
1	11	B	3	11.6347	0.000400552
1	11	A	4	11.5790	0.000468939
1	11	B	4	11.5790	0.000468939
1	12	A	1	12.5325	0.000352581
1	12	B	1	12.5325	0.000352581
1	12	A	2	12.0695	0.000379327
1	12	B	2	12.0695	0.000379327
1	12	A	3	12.0161	0.000432853
1	12	B	3	12.0161	0.000432853
1	12	A	4	11.9171	0.000598094
1	12	B	4	11.9171	0.000598094
1	13	A	1	12.8464	0.000333575
1	13	B	1	12.8464	0.000333575
1	13	A	2	12.3380	0.000364736
1	13	B	2	12.3380	0.000364736
1	13	A	3	12.4383	0.000379241
1	13	B	3	12.4383	0.000379241
1	13	A	4	12.2208	0.000485403
1	13	B	4	12.2208	0.000485403
1	14	A	1	12.6412	0.000279948
1	14	B	1	12.6412	0.000279948
1	14	A	2	12.1425	0.000322465
1	14	B	2	12.1425	0.000322465
1	14	A	3	12.5147	0.000343956
1	14	B	3	12.5147	0.000343956
1	14	A	4	12.2115	0.000440578
1	14	B	4	12.2115	0.000440578
1	15	A	1	12.9213	0.000311085
1	15	B	1	12.9213	0.000311085
1	15	A	2	12.4175	0.000341327
1	15	B	2	12.4175	0.000341327
1	15	A	3	12.4910	0.000358809
1	15	B	3	12.4910	0.000358809
1	15	A	4	12.2615	0.000436444
1	15	B	4	12.2615	0.000436444
1	16	A	1	12.8919	0.000415671
1	16	B	1	12.8919	0.000415671
1	16	A	2	12.2061	0.000427356
1	16	B	2	12.2061	0.000427356
1	16	A	3	12.4453	0.000442358
1	16	B	3	12.4453	0.000442358
1	16	A	4	12.0945	0.000554350
1	16	B	4	12.0945	0.000554350
1	17	A	1	12.8210	0.000319059
1	17	B	1	12.8210	0.000319059
1	17	A	2	12.4334	0.000350113
1	17	B	2	12.4334	0.000350113
1	17	A	3	12.2455	0.000374666
1	17	B	3	12.2455	0.000374666
1	17	A	4	12.1956	0.000476114
1	17	B	4	12.1956	0.000476114
1	18	A	1	12.8019	0.000304913
1	18	B	1	12.8019	0.000304913
1	18	A	2	12.3266	0.000340660
1	18	B	2	12.3266	0.000340660
1	18	A	3	12.2368	0.000371372
1	18	B	3	12.2368	0.000371372
1	18	A	4	12.1204	0.000456068
1	18	B	4	12.1204	0.000456068
1	19	A	1	12.2414	0.000300375
1	19	B	1	12.2414	0.000300375
1	19	A	2	11.8060	0.000341057
1	19	B	2	11.8060	0.000341057
1	19	A	3	11.6692	0.000360658
1	19	B	3	11.6692	0.000360658
1	19	A	4	11.5189	0.000437669
1	19	B	4	11.5189	0.000437669
1	20	A	1	12.4135	0.000344208
1	20	B	1	12.4135	0.000344208
1	20	A	2	11.9219	0.000339606
1	20	B	2	11.9219	0.000339606
1	20	A	3	11.9177	0.000382076
1	20	B	3	11.9177	0.000382076
1	20	A	4	11.7413	0.000465639
1	20	B	4	11.7413	0.000465639
1	21	A	1	12.7059	0.000335874
1	21	B	1	12.7059	0.000335874
1	21	A	2	12.2880	0.000367395
1	21	B	2	12.2880	0.000367395
1	21	A	3	12.1329	0.000382140
1	21	B	3	12.1329	0.000382140
1	21	A	4	12.0517	0.000460597
1	21	B	4	12.0517	0.000460597
1	22	A	1	12.8525	0.000455276
1	22	B	1	12.8525	0.000455276
1	22	A	2	12.4188	0.000466751
1	22	B	2	12.4188	0.000466751
1	22	A	3	12.3491	0.000517364
1	22	B	3	12.3491	0.000517364
1	22	A	4	12.1348	0.000580476
1	22	B	4	12.1348	0.000580476
1	23	A	1	12.7122	0.000338870
1	23	B	1	12.7122	0.000338870
1	23	A	2	12.2402	0.000387868
1	23	B	2	12.2402	0.000387868
1	23	A	3	12.0687	0.000379382
1	23	B	3	12.0687	0.000379382
1	23	A	4	11.9349	0.000454502
1	23	B	4	11.9349	0.000454502
1	24	A	1	12.7221	0.000331248
1	24	B	1	12.7221	0.000331248
1	24	A	2	12.1719	0.000376366
1	24	B	2	12.1719	0.000376366
1	24	A	3	12.1028	0.000390459
1	24	B	3	12.1028	0.000390459
1	24	A	4	11.9972	0.000474714
1	24	B	4	11.9972	0.000474714
1	25	A	1	12.5953	0.000301150
1	25	B	1	12.5953	0.000301150
1	25	A	2	12.0821	0.000330568
1	25	B	2	12.0821	0.000330568
1	25	A	3	11.9094	0.000351106
1	25	B	3	11.9094	0.000351106
1	25	A	4	11.6975	0.000429626
1	25	B	4	11.6975	0.000429626
1	26	A	1	12.5192	0.000311265
1	26	B	1	12.5192	0.000311265
1	26	A	2	12.0309	0.000355229
1	26	B	2	12.0309	0.000355229
1	26	A	3	12.3034	0.000379699
1	26	B	3	12.3034	0.000379699
1	26	A	4	12.0523	0.000469769
1	26	B	4	12.0523	0.000469769
1	27	A	1	12.5302	0.000284003
1	27	B	1	12.5302	0.000284003
1	27	A	2	12.0306	0.000298259
1	27	B	2	12.0306	0.000298259
1	27	A	3	11.8445	0.000325727
1	27	B	3	11.8445	0.000325727
1	27	A	4	11.7514	0.000405117
1	27	B	4	11.7514	0.000405117
1	28	A	1	12.5713	0.000403530
1	28	B	1	12.5713	0.000403530
1	28	A	2	11.9991	0.000451412
1	28	B	2	11.9991	0.000451412
1	28	A	3	11.9975	0.000484978
1	28	B	3	11.9975	0.000484978
1	28	A	4	11.9022	0.000590653
1	28	B	4	11.9022	0.000590653
1	29	A	1	12.1719	0.000316260
1	29	B	1	12.1719	0.000316260
1	29	A	2	11.7633	0.000348696
1	29	B	2	11.7633	0.000348696
1	29	A	3	11.5526	0.000366237
1	29	B	3	11.5526	0.000366237
1	29	A	4	11.5874	0.000442013
1	29	B	4	11.5874	0.000442013
1	30	A	1	12.2100	0.000297928
1	30	B	1	12.2100	0.000297928
1	30	A	2	11.8411	0.000337290
1	30	B	2	11.8411	0.000337290
1	30	A	3	11.7069	0.000361036
1	30	B	3	11.7069	0.000361036
1	30	A	4	11.6036	0.000456499
1	30	B	4	11.6036	0.000456499
1	31	A	1	11.9831	0.000289418
1	31	B	1	11.9831	0.000289418
1	31	A	2	11.6360	0.000329632
1	31	B	2	11.6360	0.000329632
1	31	A	3	11.3860	0.000345387
1	31	B	3	11.3860	0.000345387
1	31	A	4	11.3404	0.000427837
1	31	B	4	11.3404	0.000427837
1	32	A	1	12.2513	0.000299255
1	32	B	1	12.2513	0.000299255
1	32	A	2	11.7277	0.000326609
1	32	B	2	11.7277	0.000326609
1	32	A	3	11.6637	0.000363610
1	32	B	3	11.6637	0.000363610
1	32	A	4	11.5102	0.000426940
1	32	B	4	11.5102	0.000426940
1	33	A	1	12.0829	0.000314031
1	33	B	1	12.0829	0.000314031
1	33	A	2	11.6998	0.000330067
1	33	B	2	11.6998	0.000330067
1	33	A	3	11.5277	0.000355180
1	33	B	3	11.5277	0.000355180
1	33	A	4	11.3500	0.000422530
1	33	B	4	11.3500	0.000422530
1	34	A	1	12.8425	0.000460828
1	34	B	1	12.8425	0.000460828
1	34	A	2	12.3828	0.000509701
1	34	B	2	12.3828	0.000509701
1	34	A	3	12.3044	0.000509606
1	34	B	3	12.3044	0.000509606
1	34	A	4	12.0702	0.000609162
1	34	B	4	12.0702	0.000609162
1	35	A	1	12.6727	0.000293778
1	35	B	1	12.6727	0.000293778
1	35	A	2	12.1848	0.000317249
1	35	B	2	12.1848	0.000317249
1	35	A	3	11.9506	0.000342011
1	35	B	3	11.9506	0.000342011
1	35	A	4	11.7388	0.000410315
1	35	B	4	11.7388	0.000410315
1	36	A	1	12.3631	0.000315791
1	36	B	1	12.3631	0.000315791
1	36	A	2	11.8114	0.000342131
1	36	B	2	11.8114	0.000342131
1	36	A	3	11.8687	0.000376916
1	36	B	3	11.8687	0.000376916
1	36	A	4	11.6535	0.000446926
1	36	B	4	11.6535	0.000446926
1	37	A	1	12.7959	0.000303612
1	37	B	1	12.7959	0.000303612
1	37	A	2	12.1211	0.000320201
1	37	B	2	12.1211	0.000320201
1	37	A	3	12.0031	0.000348621
1	37	B	3	12.0031	0.000348621
1	37	A	4	11.7059	0.000430096
1	37	B	4	11.7059	0.000430096
1	38	A	1	12.7353	0.000302726
1	38	B	1	12.7353	0.000302726
1	38	A	2	12.1272	0.000335018
1	38	B	2	12.1272	0.000335018
1	38	A	3	12.4920	0.000359816
1	38	B	3	12.4920	0.000359816
1	38	A	4	12.1234	0.000442591
1	38	B	4	12.1234	0.000442591
1	39	A	1	12.8714	0.000287489
1	39	B	1	12.8714	0.000287489
1	39	A	2	12.2611	0.000310310
1	39	B	2	12.2611	0.000310310
1	39	A	3	12.1954	0.000338171
1	39	B	3	12.1954	0.000338171
1	39	A	4	11.9737	0.000419970
1	39	B	4	11.9737	0.000419970
1	40	A	1	12.6793	0.000412425
1	40	B	1	12.6793	0.000412425
1	40	A	2	12.0516	0.000479525
1	40	B	2	12.0516	0.000479525
1	40	A	3	12.0798	0.000476943
1	40	B	3	12.0798	0.000476943
1	40	A	4	11.7935	0.000592294
1	40	B	4	11.7935	0.000592294
1	41	A	1	12.4710	0.000334196
1	41	B	1	12.4710	0.000334196
1	41	A	2	12.0399	0.000354306
1	41	B	2	12.0399	0.000354306
1	41	A	3	11.9616	0.000395528
1	41	B	3	11.9616	0.000395528
1	41	A	4	11.8880	0.000478287
1	41	B	4	11.8880	0.000478287
1	42	A	1	12.8389	0.000333662
1	42	B	1	12.8389	0.000333662
1	42	A	2	12.4697	0.000355501
1	42	B	2	12.4697	0.000355501
1	42	A	3	12.4931	0.000390018
1	42	B	3	12.4931	0.000390018
1	42	A	4	12.3899	0.000445779
1	42	B	4	12.3899	0.000445779
1	43	A	1	12.2099	0.000324202
1	43	B	1	12.2099	0.000324202
1	43	A	2	11.7745	0.000344998
1	43	B	2	11.7745	0.000344998
1	43	A	3	11.7875	0.000379193
1	43	B	3	11.7875	0.000379193
1	43	A	4	11.6183	0.000465426
1	43	B	4	11.6183	0.000465426
1	44	A	1	12.3695	0.000331598
1	44	B	1	12.3695	0.000331598
1	44	A	2	11.9400	0.000350493
1	44	B	2	11.9400	0.000350493
1	44	A	3	11.9663	0.000401693
1	44	B	3	11.9663	0.000401693
1	44	A	4	11.8953	0.000489602
1	44	B	4	11.8953	0.000489602
1	45	A	1	12.3313	0.000313844
1	45	B	1	12.3313	0.000313844
1	45	A	2	11.8271	0.000338872
1	45	B	2	11.8271	0.000338872
1	45	A	3	11.8338	0.000364613
1	45	B	3	11.8338	0.000364613
1	45	A	4	11.5790	0.000446156
1	45	B	4	11.5790	0.000446156
1	46	A	1	12.6197	0.000413158
1	46	B	1	12.6197	0.000413158
1	46	A	2	12.1081	0.000459931
1	46	B	2	12.1081	0.000459931
1	46	A	3	12.1888	0.000483943
1	46	B	3	12.1888	0.000483943
1	46	A	4	11.9605	0.000585669
1	46	B	4	11.9605	0.000585669
1	47	A	1	12.7299	0.000354245
1	47	B	1	12.7299	0.000354245
1	47	A	2	12.2879	0.000397235
1	47	B	2	12.2879	0.000397235
1	47	A	3	12.3472	0.000418905
1	47	B	3	12.3472	0.000418905
1	47	A	4	12.1205	0.000483892
1	47	B	4	12.1205	0.000483892
1	48	A	1	12.8363	0.000359599
1	48	B	1	12.8363	0.000359599
1	48	A	2	12.3360	0.000372097
1	48	B	2	12.3360	0.000372097
1	48	A	3	12.3795	0.000400496
1	48	B	3	12.3795	0.000400496
1	48	A	4	12.3075	0.000483326
1	48	B	4	12.3075	0.000483326
2	1	A	1	12.4592	0.000299113
2	1	B	1	12.4592	0.000299113
2	1	A	2	12.0835	0.000314233
2	1	B	2	12.0835	0.000314233
2	1	A	3	11.8808	0.000344292
2	1	B	3	11.8808	0.000344292
2	1	A	4	11.4601	0.000412593
2	1	B	4	11.4601	0.000412593
2	2	A	1	12.9307	0.000299703
2	2	B	1	12.9307	0.000299703
2	2	A	2	12.3993	0.000328286
2	2	B	2	12.3993	0.000328286
2	2	A	3	12.5447	0.000353000
2	2	B	3	12.5447	0.000353000
2	2	A	4	12.1106	0.000426661
2	2	B	4	12.1106	0.000426661
2	3	A	1	12.5601	0.000318320
2	3	B	1	12.5601	0.000318320
2	3	A	2	12.1875	0.000346732
2	3	B	2	12.1875	0.000346732
2	3	A	3	12.0165	0.000367176
2	3	B	3	12.0165	0.000367176
2	3	A	4	11.6831	0.000451003
2	3	B	4	11.6831	0.000451003
2	4	A	1	12.8852	0.000301892
2	4	B	1	12.8852	0.000301892
2	4	A	2	12.3626	0.000324805
2	4	B	2	12.3626	0.000324805
2	4	A	3	12.2623	0.000338082
2	4	B	3	12.2623	0.000338082
2	4	A	4	11.8553	0.000429752
2	4	B	4	11.8553	0.000429752
2	5	A	1	12.3823	0.000303214
2	5	B	1	12.3823	0.000303214
2	5	A	2	11.9093	0.000325702
2	5	B	2	11.9093	0.000325702
2	5	A	3	11.7156	0.000351181
2	5	B	3	11.7156	0.000351181
2	5	A	4	11.6219	0.000436956
2	5	B	4	11.6219	0.000436956
2	6	A	1	12.4273	0.000315791
2	6	B	1	12.4273	0.000315791
2	6	A	2	12.0620	0.000341547
2	6	B	2	12.0620	0.000341547
2	6	A	3	11.9361	0.000374882
2	6	B	3	11.9361	0.000374882
2	6	A	4	11.8247	0.000449392
2	6	B	4	11.8247	0.000449392
2	7	A	1	12.3948	0.000313048
2	7	B	1	12.3948	0.000313048
2	7	A	2	11.9296	0.000345369
2	7	B	2	11.9296	0.000345369
2	7	A	3	11.6143	0.000362218
2	7	B	3	11.6143	0.000362218
2	7	A	4	11.3760	0.000445225
2	7	B	4	11.3760	0.000445225
2	8	A	1	12.2550	0.000302547
2	8	B	1	12.2550	0.000302547
2	8	A	2	11.8886	0.000330889
2	8	B	2	11.8886	0.000330889
2	8	A	3	11.7761	0.000364816
2	8	B	3	11.7761	0.000364816
2	8	A	4	11.6074	0.000436664
2	8	B	4	11.6074	0.000436664
2	9	A	1	12.4446	0.000314136
2	9	B	1	12.4446	0.000314136
2	9	A	2	12.0324	0.000328794
2	9	B	2	12.0324	0.000328794
2	9	A	3	11.8157	0.000355120
2	9	B	3	11.8157	0.000355120
2	9	A	4	11.6872	0.000433000
2	9	B	4	11.6872	0.000433000
2	10	A	1	12.9658	0.000343287
2	10	B	1	12.9658	0.000343287
2	10	A	2	12.5328	0.000370198
2	10	B	2	12.5328	0.000370198
2	10	A	3	12.4790	0.000408833
2	10	B	3	12.4790	0.000408833
2	10	A	4	12.2595	0.000476646
2	10	B	4	12.2595	0.000476646
2	11	A	1	12.5973	0.000312923
2	11	B	1	12.5973	0.000312923
2	11	A	2	12.1120	0.000332919
2	11	B	2	12.1120	0.000332919
2	11	A	3	11.8665	0.000361926
2	11	B	3	11.8665	0.000361926
2	11	A	4	11.6258	0.000442269
2	11	B	4	11.6258	0.000442269
2	12	A	1	13.1032	0.000322642
2	12	B	1	13.1032	0.000322642
2	12	A	2	12.5574	0.000359960
2	12	B	2	12.5574	0.000359960
2	12	A	3	12.4734	0.000401614
2	12	B	3	12.4734	0.000401614
2	12	A	4	12.1760	0.000460685
2	12	B	4	12.1760	0.000460685
2	13	A	1	12.6904	0.000364381
2	13	B	1	12.6904	0.000364381
2	13	A	2	12.2620	0.000387368
2	13	B	2	12.2620	0.000387368
2	13	A	3	12.4907	0.000410098
2	13	B	3	12.4907	0.000410098
2	13	A	4	12.2219	0.000508778
2	13	B	4	12.2219	0.000508778
2	14	A	1	12.5275	0.000329190
2	14	B	1	12.5275	0.000329190
2	14	A	2	12.0140	0.000370384
2	14	B	2	12.0140	0.000370384
2	14	A	3	12.5473	0.000376131
2	14	B	3	12.5473	0.000376131
2	14	A	4	12.0435	0.000471325
2	14	B	4	12.0435	0.000471325
2	15	A	1	12.8567	0.000328205
2	15	B	1	12.8567	0.000328205
2	15	A	2	12.2844	0.000362371
2	15	B	2	12.2844	0.000362371
2	15	A	3	12.2813	0.000385624
2	15	B	3	12.2813	0.000385624
2	15	A	4	11.9806	0.000472404
2	15	B	4	11.9806	0.000472404
2	16	A	1	12.6854	0.000293912
2	16	B	1	12.6854	0.000293912
2	16	A	2	12.0287	0.000323500
2	16	B	2	12.0287	0.000323500
2	16	A	3	12.2533	0.000345476
2	16	B	3	12.2533	0.000345476
2	16	A	4	11.6917	0.000427268
2	16	B	4	11.6917	0.000427268
2	17	A	1	12.2988	0.000344314
2	17	B	1	12.2988	0.000344314
2	17	A	2	11.9921	0.000375900
2	17	B	2	11.9921	0.000375900
2	17	A	3	11.8394	0.000390812
2	17	B	3	11.8394	0.000390812
2	17	A	4	11.6478	0.000466045
2	17	B	4	11.6478	0.000466045
2	18	A	1	12.4776	0.000317615
2	18	B	1	12.4776	0.000317615
2	18	A	2	12.0790	0.000344363
2	18	B	2	12.0790	0.000344363
2	18	A	3	11.9919	0.000375676
2	18	B	3	11.9919	0.000375676
2	18	A	4	11.7979	0.000461100
2	18	B	4	11.7979	0.000461100
2	19	A	1	12.1307	0.000327513
2	19	B	1	12.1307	0.000327513
2	19	A	2	11.7182	0.000357643
2	19	B	2	11.7182	0.000357643
2	19	A	3	11.6230	0.000382720
2	19	B	3	11.6230	0.000382720
2	19	A	4	11.3981	0.000464846
2	19	B	4	11.3981	0.000464846
2	20	A	1	12.6873	0.000311970
2	20	B	1	12.6873	0.000311970
2	20	A	2	12.3378	0.000325803
2	20	B	2	12.3378	0.000325803
2	20	A	3	12.1849	0.000348660
2	20	B	3	12.1849	0.000348660
2	20	A	4	11.8445	0.000432528
2	20	B	4	11.8445	0.000432528
2	21	A	1	12.9890	0.000351707
2	21	B	1	12.9890	0.000351707
2	21	A	2	12.5776	0.000384023
2	21	B	2	12.5776	0.000384023
2	21	A	3	12.4762	0.000418196
2	21	B	3	12.4762	0.000418196
2	21	A	4	12.2235	0.000683260
2	21	B	4	12.2235	0.000683260
2	22	A	1	13.0467	0.000320085
2	22	B	1	13.0467	0.000320085
2	22	A	2	12.5620	0.000336232
2	22	B	2	12.5620	0.000336232
2	22	A	3	12.4098	0.000369391
2	22	B	3	12.4098	0.000369391
2	22	A	4	12.0902	0.000447567
2	22	B	4	12.0902	0.000447567
2	23	A	1	12.8221	0.000330449
2	23	B	1	12.8221	0.000330449
2	23	A	2	12.2841	0.000354146
2	23	B	2	12.2841	0.000354146
2	23	A	3	12.2120	0.000377893
2	23	B	3	12.2120	0.000377893
2	23	A	4	11.8120	0.000468856
2	23	B	4	11.8120	0.000468856
2	24	A	1	12.9702	0.000315611
2	24	B	1	12.9702	0.000315611
2	24	A	2	12.4902	0.000338742
2	24	B	2	12.4902	0.000338742
2	24	A	3	12.4039	0.000374018
2	24	B	3	12.4039	0.000374018
2	24	A	4	12.0508	0.000461145
2	24	B	4	12.0508	0.000461145
2	25	A	1	12.7164	0.000279863
2	25	B	1	12.7164	0.000279863
2	25	A	2	12.2411	0.000301367
2	25	B	2	12.2411	0.000301367
2	25	A	3	11.9749	0.000316170
2	25	B	3	11.9749	0.000316170
2	25	A	4	11.7048	0.000393413
2	25	B	4	11.7048	0.000393413
2	26	A	1	12.6140	0.000283005
2	26	B	1	12.6140	0.000283005
2	26	A	2	12.0536	0.000305104
2	26	B	2	12.0536	0.000305104
2	26	A	3	12.2827	0.000317240
2	26	B	3	12.2827	0.000317240
2	26	A	4	11.9848	0.000388958
2	26	B	4	11.9848	0.000388958
2	27	A	1	12.8535	0.000307656
2	27	B	1	12.8535	0.000307656
2	27	A	2	12.4026	0.000330920
2	27	B	2	12.4026	0.000330920
2	27	A	3	12.1965	0.000347091
2	27	B	3	12.1965	0.000347091
2	27	A	4	11.8891	0.000427478
2	27	B	4	11.8891	0.000427478
2	28	A	1	12.9257	0.000330751
2	28	B	1	12.9257	0.000330751
2	28	A	2	12.4134	0.000373166
2	28	B	2	12.4134	0.000373166
2	28	A	3	12.4890	0.000385163
2	28	B	3	12.4890	0.000385163
2	28	A	4	12.3342	0.000473419
2	28	B	4	12.3342	0.000473419
2	29	A	1	12.6036	0.000280101
2	29	B	1	12.6036	0.000280101
2	29	A	2	12.1874	0.000299824
2	29	B	2	12.1874	0.000299824
2	29	A	3	11.8958	0.000315521
2	29	B	3	11.8958	0.000315521
2	29	A	4	11.6872	0.000378923
2	29	B	4	11.6872	0.000378923
2	30	A	1	12.2998	0.000293398
2	30	B	1	12.2998	0.000293398
2	30	A	2	11.8742	0.000321694
2	30	B	2	11.8742	0.000321694
2	30	A	3	11.7453	0.000348771
2	30	B	3	11.7453	0.000348771
2	30	A	4	11.5707	0.000432929
2	30	B	4	11.5707	0.000432929
2	31	A	1	12.2137	0.000328603
2	31	B	1	12.2137	0.000328603
2	31	A	2	11.9274	0.000367764
2	31	B	2	11.9274	0.000367764
2	31	A	3	11.7947	0.000383814
2	31	B	3	11.7947	0.000383814
2	31	A	4	11.6690	0.000464446
2	31	B	4	11.6690	0.000464446
2	32	A	1	12.0340	0.000303333
2	32	B	1	12.0340	0.000303333
2	32	A	2	11.6196	0.000326485
2	32	B	2	11.6196	0.000326485
2	32	A	3	11.5515	0.000364597
2	32	B	3	11.5515	0.000364597
2	32	A	4	11.4403	0.000429396
2	32	B	4	11.4403	0.000429396
2	33	A	1	12.3123	0.000309945
2	33	B	1	12.3123	0.000309945
2	33	A	2	11.8575	0.000322590
2	33	B	2	11.8575	0.000322590
2	33	A	3	11.6087	0.000355158
2	33	B	3	11.6087	0.000355158
2	33	A	4	11.3568	0.000421680
2	33	B	4	11.3568	0.000421680
2	34	A	1	12.5677	0.000319253
2	34	B	1	12.5677	0.000319253
2	34	A	2	12.0864	0.000341306
2	34	B	2	12.0864	0.000341306
2	34	A	3	11.9486	0.000359886
2	34	B	3	11.9486	0.000359886
2	34	A	4	11.7423	0.000428844
2	34	B	4	11.7423	0.000428844
2	35	A	1	12.3122	0.000318312
2	35	B	1	12.3122	0.000318312
2	35	A	2	11.8726	0.000349197
2	35	B	2	11.8726	0.000349197
2	35	A	3	11.6796	0.000367990
2	35	B	3	11.6796	0.000367990
2	35	A	4	11.5187	0.000455450
2	35	B	4	11.5187	0.000455450
2	36	A	1	12.7326	0.000302535
2	36	B	1	12.7326	0.000302535
2	36	A	2	12.2279	0.000318395
2	36	B	2	12.2279	0.000318395
2	36	A	3	12.1729	0.000342571
2	36	B	3	12.1729	0.000342571
2	36	A	4	11.9725	0.000419528
2	36	B	4	11.9725	0.000419528
2	37	A	1	12.9275	0.000310460
2	37	B	1	12.9275	0.000310460
2	37	A	2	12.2978	0.000332211
2	37	B	2	12.2978	0.000332211
2	37	A	3	12.2968	0.000351084
2	37	B	3	12.2968	0.000351084
2	37	A	4	11.8371	0.000430867
2	37	B	4	11.8371	0.000430867
2	38	A	1	12.6685	0.000316769
2	38	B	1	12.6685	0.000316769
2	38	A	2	12.0149	0.000347823
2	38	B	2	12.0149	0.000347823
2	38	A	3	12.3469	0.000360541
2	38	B	3	12.3469	0.000360541
2	38	A	4	11.9213	0.000456036
2	38	B	4	11.9213	0.000456036
2	39	A	1	13.0243	0.000332920
2	39	B	1	13.0243	0.000332920
2	39	A	2	12.5182	0.000376579
2	39	B	2	12.5182	0.000376579
2	39	A	3	12.3776	0.000384990
2	39	B	3	12.3776	0.000384990
2	39	A	4	12.1189	0.000480484
2	39	B	4	12.1189	0.000480484
2	40	A	1	12.7649	0.000314308
2	40	B	1	12.7649	0.000314308
2	40	A	2	12.0790	0.000342229
2	40	B	2	12.0790	0.000342229
2	40	A	3	12.1609	0.000359875
2	40	B	3	12.1609	0.000359875
2	40	A	4	11.8047	0.000458952
2	40	B	4	11.8047	0.000458952
2	41	A	1	12.8337	0.000337342
2	41	B	1	12.8337	0.000337342
2	41	A	2	12.5194	0.000356220
2	41	B	2	12.5194	0.000356220
2	41	A	3	12.2570	0.000367006
2	41	B	3	12.2570	0.000367006
2	41	A	4	12.0366	0.000448869
2	41	B	4	12.0366	0.000448869
2	42	A	1	12.8053	0.000358121
2	42	B	1	12.8053	0.000358121
2	42	A	2	12.5254	0.000376135
2	42	B	2	12.5254	0.000376135
2	42	A	3	12.4220	0.000404446
2	42	B	3	12.4220	0.000404446
2	42	A	4	12.3544	0.000492177
2	42	B	4	12.3544	0.000492177
2	43	A	1	12.3978	0.000340347
2	43	B	1	12.3978	0.000340347
2	43	A	2	12.0374	0.000357575
2	43	B	2	12.0374	0.000357575
2	43	A	3	11.8742	0.000379365
2	43	B	3	11.8742	0.000379365
2	43	A	4	11.7455	0.000459827
2	43	B	4	11.7455	0.000459827
2	44	A	1	12.5540	0.000344350
2	44	B	1	12.5540	0.000344350
2	44	A	2	12.1507	0.000359926
2	44	B	2	12.1507	0.000359926
2	44	A	3	12.1354	0.000395481
2	44	B	3	12.1354	0.000395481
2	44	A	4	12.0032	0.000466896
2	44	B	4	12.0032	0.000466896
2	45	A	1	12.5364	0.000314659
2	45	B	1	12.5364	0.000314659
2	45	A	2	12.1415	0.000331138
2	45	B	2	12.1415	0.000331138
2	45	A	3	12.0479	0.000370969
2	45	B	3	12.0479	0.000370969
2	45	A	4	11.6985	0.000451543
2	45	B	4	11.6985	0.000451543
2	46	A	1	12.6170	0.000356098
2	46	B	1	12.6170	0.000356098
2	46	A	2	12.1489	0.000391428
2	46	B	2	12.1489	0.000391428
2	46	A	3	12.0372	0.000407091
2	46	B	3	12.0372	0.000407091
2	46	A	4	11.8889	0.000494261
2	46	B	4	11.8889	0.000494261
2	47	A	1	12.4948	0.000342134
2	47	B	1	12.4948	0.000342134
2	47	A	2	12.0325	0.000362913
2	47	B	2	12.0325	0.000362913
2	47	A	3	11.9983	0.000392971
2	47	B	3	11.9983	0.000392971
2	47	A	4	11.7485	0.000474010
2	47	B	4	11.7485	0.000474010
2	48	A	1	12.8540	0.000330032
2	48	B	1	12.8540	0.000330032
2	48	A	2	12.3471	0.000359198
2	48	B	2	12.3471	0.000359198
2	48	A	3	12.3366	0.000363739
2	48	B	3	12.3366	0.000363739
2	48	A	4	12.0173	0.000461647
2	48	B	4	12.0173	0.000461647
3	1	A	1	12.6995	0.000392986
3	1	B	1	12.6995	0.000392986
3	1	A	2	12.2760	0.000408011
3	1	B	2	12.2760	0.000408011
3	1	A	3	11.9972	0.000418015
3	1	B	3	11.9972	0.000418015
3	1	A	4	11.5306	0.000474182
3	1	B	4	11.5306	0.000474182
3	2	A	1	12.7902	0.000341334
3	2	B	1	12.7902	0.000341334
3	2	A	2	12.4395	0.000341779
3	2	B	2	12.4395	0.000341779
3	2	A	3	12.5549	0.000350980
3	2	B	3	12.5549	0.000350980
3	2	A	4	11.8532	0.000410801
3	2	B	4	11.8532	0.000410801
3	3	A	1	12.8204	0.000373062
3	3	B	1	12.8204	0.000373062
3	3	A	2	12.4797	0.000375030
3	3	B	2	12.4797	0.000375030
3	3	A	3	12.2552	0.000394619
3	3	B	3	12.2552	0.000394619
3	3	A	4	11.7709	0.000432153
3	3	B	4	11.7709	0.000432153
3	4	A	1	13.0185	0.000349902
3	4	B	1	13.0185	0.000349902
3	4	A	2	12.5375	0.000366156
3	4	B	2	12.5375	0.000366156
3	4	A	3	12.3437	0.000371706
3	4	B	3	12.3437	0.000371706
3	4	A	4	11.7639	0.000421188
3	4	B	4	11.7639	0.000421188
3	5	A	1	12.8257	0.000427913
3	5	B	1	12.8257	0.000427913
3	5	A	2	12.4159	0.000428738
3	5	B	2	12.4159	0.000428738
3	5	A	3	12.0127	0.000445564
3	5	B	3	12.0127	0.000445564
3	5	A	4	11.7893	0.000543430
3	5	B	4	11.7893	0.000543430
3	6	A	1	12.5881	0.000401430
3	6	B	1	12.5881	0.000401430
3	6	A	2	12.2678	0.000449625
3	6	B	2	12.2678	0.000449625
3	6	A	3	12.0214	0.000480681
3	6	B	3	12.0214	0.000480681
3	6	A	4	11.5889	0.000508658
3	6	B	4	11.5889	0.000508658
3	7	A	1	12.3304	0.000423516
3	7	B	1	12.3304	0.000423516
3	7	A	2	12.0455	0.000470253
3	7	B	2	12.0455	0.000470253
3	7	A	3	11.8278	0.000511675
3	7	B	3	11.8278	0.000511675
3	7	A	4	11.5332	0.000555595
3	7	B	4	11.5332	0.000555595
3	8	A	1	12.6009	0.000396468
3	8	B	1	12.6009	0.000396468
3	8	A	2	12.2640	0.000410917
3	8	B	2	12.2640	0.000410917
3	8	A	3	12.0436	0.000434070
3	8	B	3	12.0436	0.000434070
3	8	A	4	11.8113	0.000515474
3	8	B	4	11.8113	0.000515474
3	9	A	1	12.7080	0.000412112
3	9	B	1	12.7080	0.000412112
3	9	A	2	12.2779	0.000407427
3	9	B	2	12.2779	0.000407427
3	9	A	3	11.9699	0.000444434
3	9	B	3	11.9699	0.000444434
3	9	A	4	11.5333	0.000491443
3	9	B	4	11.5333	0.000491443
3	10	A	1	12.8758	0.000401171
3	10	B	1	12.8758	0.000401171
3	10	A	2	12.5948	0.000403044
3	10	B	2	12.5948	0.000403044
3	10	A	3	12.4188	0.000421088
3	10	B	3	12.4188	0.000421088
3	10	A	4	11.9193	0.000460444
3	10	B	4	11.9193	0.000460444
3	11	A	1	12.4141	0.000365146
3	11	B	1	12.4141	0.000365146
3	11	A	2	12.1354	0.000385467
3	11	B	2	12.1354	0.000385467
3	11	A	3	11.9462	0.000391891
3	11	B	3	11.9462	0.000391891
3	11	A	4	11.5134	0.000457436
3	11	B	4	11.5134	0.000457436
3	12	A	1	12.5999	0.000382977
3	12	B	1	12.5999	0.000382977
3	12	A	2	12.2146	0.000386521
3	12	B	2	12.2146	0.000386521
3	12	A	3	12.0016	0.000393662
3	12	B	3	12.0016	0.000393662
3	12	A	4	11.5352	0.000451335
3	12	B	4	11.5352	0.000451335
3	13	A	1	12.7495	0.000374840
3	13	B	1	12.7495	0.000374840
3	13	A	2	12.3177	0.000376519
3	13	B	2	12.3177	0.000376519
3	13	A	3	12.4307	0.000381473
3	13	B	3	12.4307	0.000381473
3	13	A	4	11.7693	0.000440354
3	13	B	4	11.7693	0.000440354
3	14	A	1	12.5479	0.000365418
3	14	B	1	12.5479	0.000365418
3	14	A	2	12.0996	0.000428121
3	14	B	2	12.0996	0.000428121
3	14	A	3	12.7912	0.000410850
3	14	B	3	12.7912	0.000410850
3	14	A	4	12.1337	0.000504424
3	14	B	4	12.1337	0.000504424
3	15	A	1	12.9509	0.000342185
3	15	B	1	12.9509	0.000342185
3	15	A	2	12.4155	0.000377523
3	15	B	2	12.4155	0.000377523
3	15	A	3	12.4374	0.000379780
3	15	B	3	12.4374	0.000379780
3	15	A	4	11.9490	0.000457300
3	15	B	4	11.9490	0.000457300
3	16	A	1	12.7787	0.000339780
3	16	B	1	12.7787	0.000339780
3	16	A	2	12.1408	0.000384132
3	16	B	2	12.1408	0.000384132
3	16	A	3	12.4660	0.000384077
3	16	B	3	12.4660	0.000384077
3	16	A	4	11.7344	0.000448762
3	16	B	4	11.7344	0.000448762
3	17	A	1	12.7806	0.000370298
3	17	B	1	12.7806	0.000370298
3	17	A	2	12.4102	0.000400674
3	17	B	2	12.4102	0.000400674
3	17	A	3	12.2761	0.000423764
3	17	B	3	12.2761	0.000423764
3	17	A	4	11.8633	0.000481564
3	17	B	4	11.8633	0.000481564
3	18	A	1	12.7260	0.000414027
3	18	B	1	12.7260	0.000414027
3	18	A	2	12.4357	0.000449440
3	18	B	2	12.4357	0.000449440
3	18	A	3	12.3391	0.000477954
3	18	B	3	12.3391	0.000477954
3	18	A	4	12.0341	0.000532411
3	18	B	4	12.0341	0.000532411
3	19	A	1	12.1852	0.000418194
3	19	B	1	12.1852	0.000418194
3	19	A	2	11.8342	0.000440139
3	19	B	2	11.8342	0.000440139
3	19	A	3	11.5915	0.000463727
3	19	B	3	11.5915	0.000463727
3	19	A	4	11.3637	0.000528007
3	19	B	4	11.3637	0.000528007
3	20	A	1	12.6911	0.000353500
3	20	B	1	12.6911	0.000353500
3	20	A	2	12.4074	0.000357420
3	20	B	2	12.4074	0.000357420
3	20	A	3	12.2545	0.000366715
3	20	B	3	12.2545	0.000366715
3	20	A	4	11.7650	0.000429212
3	20	B	4	11.7650	0.000429212
3	21	A	1	12.8296	0.000398169
3	21	B	1	12.8296	0.000398169
3	21	A	2	12.4988	0.000421206
3	21	B	2	12.4988	0.000421206
3	21	A	3	12.3663	0.000419003
3	21	B	3	12.3663	0.000419003
3	21	A	4	11.9077	0.000469548
3	21	B	4	11.9077	0.000469548
3	22	A	1	13.0136	0.000338108
3	22	B	1	13.0136	0.000338108
3	22	A	2	12.4449	0.000520341
3	22	B	2	12.4449	0.000520341
3	22	A	3	12.4014	0.000399933
3	22	B	3	12.4014	0.000399933
3	22	A	4	11.9238	0.000460017
3	22	B	4	11.9238	0.000460017
3	23	A	1	12.7817	0.000351635
3	23	B	1	12.7817	0.000351635
3	23	A	2	12.3686	0.000379686
3	23	B	2	12.3686	0.000379686
3	23	A	3	12.1476	0.000395557
3	23	B	3	12.1476	0.000395557
3	23	A	4	11.5794	0.000453425
3	23	B	4	11.5794	0.000453425
3	24	A	1	12.9373	0.000386784
3	24	B	1	12.9373	0.000386784
3	24	A	2	12.5529	0.000394229
3	24	B	2	12.5529	0.000394229
3	24	A	3	12.3886	0.000439152
3	24	B	3	12.3886	0.000439152
3	24	A	4	11.8682	0.000463764
3	24	B	4	11.8682	0.000463764
3	25	A	1	12.8887	0.000377190
3	25	B	1	12.8887	0.000377190
3	25	A	2	12.4406	0.000369777
3	25	B	2	12.4406	0.000369777
3	25	A	3	12.2289	0.000388168
3	25	B	3	12.2289	0.000388168
3	25	A	4	11.6861	0.000439904
3	25	B	4	11.6861	0.000439904
3	26	A	1	12.3981	0.000379984
3	26	B	1	12.3981	0.000379984
3	26	A	2	11.9356	0.000370315
3	26	B	2	11.9356	0.000370315
3	26	A	3	12.1253	0.000369798
3	26	B	3	12.1253	0.000369798
3	26	A	4	11.6296	0.000455507
3	26	B	4	11.6296	0.000455507
3	27	A	1	12.4862	0.000374706
3	27	B	1	12.4862	0.000374706
3	27	A	2	12.0953	0.000391006
3	27	B	2	12.0953	0.000391006
3	27	A	3	11.9684	0.000403104
3	27	B	3	11.9684	0.000403104
3	27	A	4	11.5286	0.000467126
3	27	B	4	11.5286	0.000467126
3	28	A	1	12.7863	0.000368583
3	28	B	1	12.7863	0.000368583
3	28	A	2	12.1988	0.000372106
3	28	B	2	12.1988	0.000372106
3	28	A	3	12.1524	0.000382043
3	28	B	3	12.1524	0.000382043
3	28	A	4	11.6183	0.000448510
3	28	B	4	11.6183	0.000448510
3	29	A	1	12.7346	0.000364870
3	29	B	1	12.7346	0.000364870
3	29	A	2	12.2717	0.000382435
3	29	B	2	12.2717	0.000382435
3	29	A	3	12.0406	0.000387385
3	29	B	3	12.0406	0.000387385
3	29	A	4	11.6269	0.000457586
3	29	B	4	11.6269	0.000457586
3	30	A	1	12.8454	0.000415697
3	30	B	1	12.8454	0.000415697
3	30	A	2	12.4495	0.000429217
3	30	B	2	12.4495	0.000429217
3	30	A	3	12.2625	0.000448861
3	30	B	3	12.2625	0.000448861
3	30	A	4	11.7476	0.000528007
3	30	B	4	11.7476	0.000528007
3	31	A	1	12.2708	0.000405809
3	31	B	1	12.2708	0.000405809
3	31	A	2	11.9008	0.000429110
3	31	B	2	11.9008	0.000429110
3	31	A	3	11.7058	0.000440652
3	31	B	3	11.7058	0.000440652
3	31	A	4	11.3137	0.000507311
3	31	B	4	11.3137	0.000507311
3	32	A	1	12.5975	0.000379140
3	32	B	1	12.5975	0.000379140
3	32	A	2	12.0111	0.000397833
3	32	B	2	12.0111	0.000397833
3	32	A	3	11.8667	0.000424745
3	32	B	3	11.8667	0.000424745
3	32	A	4	11.6127	0.000507410
3	32	B	4	11.6127	0.000507410
3	33	A	1	12.4005	0.000409085
3	33	B	1	12.4005	0.000409085
3	33	A	2	11.9624	0.000393010
3	33	B	2	11.9624	0.000393010
3	33	A	3	11.7841	0.000418860
3	33	B	3	11.7841	0.000418860
3	33	A	4	11.4282	0.000477366
3	33	B	4	11.4282	0.000477366
3	34	A	1	12.8213	0.000386338
3	34	B	1	12.8213	0.000386338
3	34	A	2	12.3035	0.000414933
3	34	B	2	12.3035	0.000414933
3	34	A	3	12.1541	0.000412751
3	34	B	3	12.1541	0.000412751
3	34	A	4	11.7497	0.000525230
3	34	B	4	11.7497	0.000525230
3	35	A	1	12.7481	0.000389766
3	35	B	1	12.7481	0.000389766
3	35	A	2	12.2692	0.000404891
3	35	B	2	12.2692	0.000404891
3	35	A	3	12.0874	0.000430179
3	35	B	3	12.0874	0.000430179
3	35	A	4	11.6822	0.000489443
3	35	B	4	11.6822	0.000489443
3	36	A	1	12.5949	0.000376162
3	36	B	1	12.5949	0.000376162
3	36	A	2	12.1792	0.000398414
3	36	B	2	12.1792	0.000398414
3	36	A	3	12.0656	0.000411804
3	36	B	3	12.0656	0.000411804
3	36	A	4	11.5872	0.000514191
3	36	B	4	11.5872	0.000514191
3	37	A	1	12.6054	0.000362630
3	37	B	1	12.6054	0.000362630
3	37	A	2	12.2001	0.000389257
3	37	B	2	12.2001	0.000389257
3	37	A	3	12.0260	0.000408301
3	37	B	3	12.0260	0.000408301
3	37	A	4	11.5026	0.000474287
3	37	B	4	11.5026	0.000474287
3	38	A	1	12.5789	0.000325552
3	38	B	1	12.5789	0.000325552
3	38	A	2	12.1226	0.000354115
3	38	B	2	12.1226	0.000354115
3	38	A	3	12.4159	0.000358176
3	38	B	3	12.4159	0.000358176
3	38	A	4	11.7297	0.000435909
3	38	B	4	11.7297	0.000435909
3	39	A	1	12.5487	0.000335272
3	39	B	1	12.5487	0.000335272
3	39	A	2	11.9905	0.000347818
3	39	B	2	11.9905	0.000347818
3	39	A	3	11.8344	0.000364393
3	39	B	3	11.8344	0.000364393
3	39	A	4	11.3525	0.000433973
3	39	B	4	11.3525	0.000433973
3	40	A	1	12.8819	0.000314563
3	40	B	1	12.8819	0.000314563
3	40	A	2	12.2172	0.000342078
3	40	B	2	12.2172	0.000342078
3	40	A	3	12.2523	0.000346788
3	40	B	3	12.2523	0.000346788
3	40	A	4	11.5524	0.000417523
3	40	B	4	11.5524	0.000417523
3	41	A	1	12.4331	0.000337574
3	41	B	1	12.4331	0.000337574
3	41	A	2	12.1215	0.000386773
3	41	B	2	12.1215	0.000386773
3	41	A	3	11.9624	0.000423439
3	41	B	3	11.9624	0.000423439
3	41	A	4	11.7271	0.000479877
3	41	B	4	11.7271	0.000479877
3	42	A	1	12.5204	0.000382237
3	42	B	1	12.5204	0.000382237
3	42	A	2	12.1732	0.000401352
3	42	B	2	12.1732	0.000401352
3	42	A	3	12.1013	0.000425556
3	42	B	3	12.1013	0.000425556
3	42	A	4	11.8013	0.000507277
3	42	B	4	11.8013	0.000507277
3	43	A	1	12.8088	0.000380309
3	43	B	1	12.8088	0.000380309
3	43	A	2	12.4145	0.000384290
3	43	B	2	12.4145	0.000384290
3	43	A	3	12.2226	0.000401955
3	43	B	3	12.2226	0.000401955
3	43	A	4	11.7528	0.000469432
3	43	B	4	11.7528	0.000469432
3	44	A	1	12.8657	0.000369864
3	44	B	1	12.8657	0.000369864
3	44	A	2	12.4701	0.000384433
3	44	B	2	12.4701	0.000384433
3	44	A	3	12.3282	0.000409305
3	44	B	3	12.3282	0.000409305
3	44	A	4	12.0340	0.000474712
3	44	B	4	12.0340	0.000474712
3	45	A	1	12.3982	0.000357247
3	45	B	1	12.3982	0.000357247
3	45	A	2	11.9137	0.000377675
3	45	B	2	11.9137	0.000377675
3	45	A	3	11.7310	0.000392101
3	45	B	3	11.7310	0.000392101
3	45	A	4	11.3296	0.000461822
3	45	B	4	11.3296	0.000461822
3	46	A	1	12.8957	0.000326235
3	46	B	1	12.8957	0.000326235
3	46	A	2	12.4326	0.000337358
3	46	B	2	12.4326	0.000337358
3	46	A	3	12.3140	0.000373172
3	46	B	3	12.3140	0.000373172
3	46	A	4	11.7076	0.000434494
3	46	B	4	11.7076	0.000434494
3	47	A	1	12.8259	0.000342172
3	47	B	1	12.8259	0.000342172
3	47	A	2	12.4048	0.000368557
3	47	B	2	12.4048	0.000368557
3	47	A	3	12.1611	0.000374144
3	47	B	3	12.1611	0.000374144
3	47	A	4	11.6798	0.000437735
3	47	B	4	11.6798	0.000437735
3	48	A	1	12.9541	0.000361149
3	48	B	1	12.9541	0.000361149
3	48	A	2	12.5233	0.000371186
3	48	B	2	12.5233	0.000371186
3	48	A	3	12.4564	0.000386655
3	48	B	3	12.4564	0.000386655
3	48	A	4	11.9366	0.000450310
3	48	B	4	11.9366	0.000450310
3	49	A	1	12.7277	0.000320803
3	49	B	1	12.7277	0.000320803
3	49	A	2	12.4054	0.000340711
3	49	B	2	12.4054	0.000340711
3	49	A	3	12.1699	0.000350794
3	49	B	3	12.1699	0.000350794
3	49	A	4	11.5694	0.000412545
3	49	B	4	11.5694	0.000412545
3	50	A	1	12.8124	0.000326074
3	50	B	1	12.8124	0.000326074
3	50	A	2	12.3797	0.000360719
3	50	B	2	12.3797	0.000360719
3	50	A	3	12.5999	0.000369870
3	50	B	3	12.5999	0.000369870
3	50	A	4	12.0767	0.000427198
3	50	B	4	12.0767	0.000427198
3	51	A	1	12.6468	0.000319360
3	51	B	1	12.6468	0.000319360
3	51	A	2	12.2086	0.000330498
3	51	B	2	12.2086	0.000330498
3	51	A	3	12.0294	0.000353509
3	51	B	3	12.0294	0.000353509
3	51	A	4	11.5335	0.000415438
3	51	B	4	11.5335	0.000415438
3	52	A	1	12.2937	0.000317286
3	52	B	1	12.2937	0.000317286
3	52	A	2	11.8466	0.000339570
3	52	B	2	11.8466	0.000339570
3	52	A	3	11.8477	0.000352241
3	52	B	3	11.8477	0.000352241
3	52	A	4	11.4244	0.000415881
3	52	B	4	11.4244	0.000415881
3	53	A	1	12.4659	0.000331274
3	53	B	1	12.4659	0.000331274
3	53	A	2	12.2022	0.000345514
3	53	B	2	12.2022	0.000345514
3	53	A	3	11.8538	0.000354743
3	53	B	3	11.8538	0.000354743
3	53	A	4	11.5185	0.000408216
3	53	B	4	11.5185	0.000408216
3	54	A	1	12.4366	0.000389512
3	54	B	1	12.4366	0.000389512
3	54	A	2	12.0184	0.000394112
3	54	B	2	12.0184	0.000394112
3	54	A	3	11.9447	0.000420376
3	54	B	3	11.9447	0.000420376
3	54	A	4	11.5941	0.000492468
3	54	B	4	11.5941	0.000492468
3	55	A	1	12.5350	0.000375984
3	55	B	1	12.5350	0.000375984
3	55	A	2	12.3497	0.000393345
3	55	B	2	12.3497	0.000393345
3	55	A	3	12.0974	0.000394663
3	55	B	3	12.0974	0.000394663
3	55	A	4	11.7304	0.000466033
3	55	B	4	11.7304	0.000466033
3	56	A	1	12.4656	0.000328038
3	56	B	1	12.4656	0.000328038
3	56	A	2	12.1468	0.000355001
3	56	B	2	12.1468	0.000355001
3	56	A	3	11.9659	0.000370567
3	56	B	3	11.9659	0.000370567
3	56	A	4	11.6315	0.000428435
3	56	B	4	11.6315	0.000428435
3	57	A	1	12.5380	0.000337718
3	57	B	1	12.5380	0.000337718
3	57	A	2	12.1975	0.000348533
3	57	B	2	12.1975	0.000348533
3	57	A	3	12.0421	0.000371783
3	57	B	3	12.0421	0.000371783
3	57	A	4	11.6403	0.000429049
3	57	B	4	11.6403	0.000429049
3	58	A	1	12.6519	0.000329600
3	58	B	1	12.6519	0.000329600
3	58	A	2	12.1823	0.000347696
3	58	B	2	12.1823	0.000347696
3	58	A	3	12.0164	0.000378989
3	58	B	3	12.0164	0.000378989
3	58	A	4	11.6378	0.000429566
3	58	B	4	11.6378	0.000429566
3	59	A	1	12.4637	0.000331138
3	59	B	1	12.4637	0.000331138
3	59	A	2	12.1974	0.000338311
3	59	B	2	12.1974	0.000338311
3	59	A	3	11.9250	0.000359884
3	59	B	3	11.9250	0.000359884
3	59	A	4	11.4982	0.000425928
3	59	B	4	11.4982	0.000425928
3	60	A	1	12.7330	0.000348460
3	60	B	1	12.7330	0.000348460
3	60	A	2	12.2591	0.000367845
3	60	B	2	12.2591	0.000367845
3	60	A	3	12.1770	0.000382695
3	60	B	3	12.1770	0.000382695
3	60	A	4	11.8159	0.000442875
3	60	B	4	11.8159	0.000442875
3	61	A	1	12.8209	0.000362269
3	61	B	1	12.8209	0.000362269
3	61	A	2	12.4103	0.000382222
3	61	B	2	12.4103	0.000382222
3	61	A	3	12.5110	0.000370056
3	61	B	3	12.5110	0.000370056
3	61	A	4	11.9236	0.000433677
3	61	B	4	11.9236	0.000433677
3	62	A	1	12.6461	0.000377502
3	62	B	1	12.6461	0.000377502
3	62	A	2	12.1611	0.000387569
3	62	B	2	12.1611	0.000387569
3	62	A	3	12.6612	0.000383979
3	62	B	3	12.6612	0.000383979
3	62	A	4	12.0295	0.000451425
3	62	B	4	12.0295	0.000451425
3	63	A	1	12.7511	0.000358457
3	63	B	1	12.7511	0.000358457
3	63	A	2	12.3353	0.000372160
3	63	B	2	12.3353	0.000372160
3	63	A	3	12.3863	0.000364232
3	63	B	3	12.3863	0.000364232
3	63	A	4	11.9139	0.000437737
3	63	B	4	11.9139	0.000437737
3	64	A	1	12.9251	0.000347233
3	64	B	1	12.9251	0.000347233
3	64	A	2	12.2167	0.000378118
3	64	B	2	12.2167	0.000378118
3	64	A	3	12.5671	0.000380552
3	64	B	3	12.5671	0.000380552
3	64	A	4	11.8505	0.000468781
3	64	B	4	11.8505	0.000468781
3	65	A	1	12.5253	0.000376365
3	65	B	1	12.5253	0.000376365
3	65	A	2	12.1763	0.000395718
3	65	B	2	12.1763	0.000395718
3	65	A	3	11.9799	0.000394163
3	65	B	3	11.9799	0.000394163
3	65	A	4	11.6215	0.000460493
3	65	B	4	11.6215	0.000460493
3	66	A	1	13.1241	0.000428294
3	66	B	1	13.1241	0.000428294
3	66	A	2	12.8696	0.000494728
3	66	B	2	12.8696	0.000494728
3	66	A	3	12.7437	0.000494435
3	66	B	3	12.7437	0.000494435
3	66	A	4	12.2325	0.000613234
3	66	B	4	12.2325	0.000613234
3	67	A	1	12.8437	0.000406214
3	67	B	1	12.8437	0.000406214
3	67	A	2	12.4855	0.000424223
3	67	B	2	12.4855	0.000424223
3	67	A	3	12.3359	0.000442642
3	67	B	3	12.3359	0.000442642
3	67	A	4	11.8392	0.000499281
3	67	B	4	11.8392	0.000499281
3	68	A	1	12.8705	0.000349480
3	68	B	1	12.8705	0.000349480
3	68	A	2	12.4906	0.000350237
3	68	B	2	12.4906	0.000350237
3	68	A	3	12.3846	0.000367359
3	68	B	3	12.3846	0.000367359
3	68	A	4	11.9453	0.000437631
3	68	B	4	11.9453	0.000437631
3	69	A	1	12.7410	0.000405928
3	69	B	1	12.7410	0.000405928
3	69	A	2	12.2058	0.000435848
3	69	B	2	12.2058	0.000435848
3	69	A	3	12.1122	0.000409367
3	69	B	3	12.1122	0.000409367
3	69	A	4	11.6369	0.000491869
3	69	B	4	11.6369	0.000491869
3	70	A	1	13.0048	0.000394735
3	70	B	1	13.0048	0.000394735
3	70	A	2	12.6405	0.000411261
3	70	B	2	12.6405	0.000411261
3	70	A	3	12.5519	0.000383252
3	70	B	3	12.5519	0.000383252
3	70	A	4	11.9259	0.000440167
3	70	B	4	11.9259	0.000440167
3	71	A	1	12.7923	0.000372247
3	71	B	1	12.7923	0.000372247
3	71	A	2	12.4789	0.000391135
3	71	B	2	12.4789	0.000391135
3	71	A	3	12.2714	0.000393642
3	71	B	3	12.2714	0.000393642
3	71	A	4	11.7143	0.000433817
3	71	B	4	11.7143	0.000433817
3	72	A	1	13.2383	0.000377524
3	72	B	1	13.2383	0.000377524
3	72	A	2	12.8841	0.000396189
3	72	B	2	12.8841	0.000396189
3	72	A	3	12.7529	0.000419827
3	72	B	3	12.7529	0.000419827
3	72	A	4	12.3134	0.000486886
3	72	B	4	12.3134	0.000486886
3	73	A	1	12.9467	0.000323434
3	73	B	1	12.9467	0.000323434
3	73	A	2	12.5381	0.000344013
3	73	B	2	12.5381	0.000344013
3	73	A	3	12.3407	0.000348870
3	73	B	3	12.3407	0.000348870
3	73	A	4	11.8124	0.000409244
3	73	B	4	11.8124	0.000409244
3	74	A	1	12.9995	0.000317156
3	74	B	1	12.9995	0.000317156
3	74	A	2	12.5398	0.000347555
3	74	B	2	12.5398	0.000347555
3	74	A	3	12.7699	0.000357455
3	74	B	3	12.7699	0.000357455
3	74	A	4	12.1344	0.000414648
3	74	B	4	12.1344	0.000414648
3	75	A	1	12.9194	0.000311915
3	75	B	1	12.9194	0.000311915
3	75	A	2	12.5351	0.000317385
3	75	B	2	12.5351	0.000317385
3	75	A	3	12.2946	0.000320940
3	75	B	3	12.2946	0.000320940
3	75	A	4	11.7491	0.000374913
3	75	B	4	11.7491	0.000374913
3	76	A	1	12.7591	0.000334981
3	76	B	1	12.7591	0.000334981
3	76	A	2	12.1823	0.000348293
3	76	B	2	12.1823	0.000348293
3	76	A	3	12.2283	0.000357304
3	76	B	3	12.2283	0.000357304
3	76	A	4	11.7562	0.000435964
3	76	B	4	11.7562	0.000435964
3	77	A	1	12.7700	0.000339139
3	77	B	1	12.7700	0.000339139
3	77	A	2	12.4510	0.000367986
3	77	B	2	12.4510	0.000367986
3	77	A	3	12.1846	0.000371465
3	77	B	3	12.1846	0.000371465
3	77	A	4	11.9373	0.000424047
3	77	B	4	11.9373	0.000424047
3	78	A	1	12.5916	0.000377376
3	78	B	1	12.5916	0.000377376
3	78	A	2	12.1789	0.000402385
3	78	B	2	12.1789	0.000402385
3	78	A	3	11.9835	0.000417524
3	78	B	3	11.9835	0.000417524
3	78	A	4	11.6155	0.000487257
3	78	B	4	11.6155	0.000487257
3	79	A	1	12.3466	0.000389395
3	79	B	1	12.3466	0.000389395
3	79	A	2	11.9604	0.000416370
3	79	B	2	11.9604	0.000416370
3	79	A	3	11.7037	0.000429722
3	79	B	3	11.7037	0.000429722
3	79	A	4	11.4041	0.000511462
3	79	B	4	11.4041	0.000511462
3	80	A	1	12.6258	0.000356390
3	80	B	1	12.6258	0.000356390
3	80	A	2	12.2999	0.000380497
3	80	B	2	12.2999	0.000380497
3	80	A	3	12.0938	0.000397955
3	80	B	3	12.0938	0.000397955
3	80	A	4	11.8169	0.000456297
3	80	B	4	11.8169	0.000456297
3	81	A	1	12.4040	0.000324972
3	81	B	1	12.4040	0.000324972
3	81	A	2	12.0883	0.000339060
3	81	B	2	12.0883	0.000339060
3	81	A	3	11.8740	0.000358587
3	81	B	3	11.8740	0.000358587
3	81	A	4	11.4577	0.000403901
3	81	B	4	11.4577	0.000403901
3	82	A	1	12.7427	0.000342782
3	82	B	1	12.7427	0.000342782
3	82	A	2	12.2421	0.000356191
3	82	B	2	12.2421	0.000356191
3	82	A	3	12.0347	0.000360142
3	82	B	3	12.0347	0.000360142
3	82	A	4	11.6303	0.000427203
3	82	B	4	11.6303	0.000427203
3	83	A	1	12.6743	0.000336909
3	83	B	1	12.6743	0.000336909
3	83	A	2	12.3041	0.000352720
3	83	B	2	12.3041	0.000352720
3	83	A	3	12.1360	0.000353910
3	83	B	3	12.1360	0.000353910
3	83	A	4	11.5872	0.000410761
3	83	B	4	11.5872	0.000410761
3	84	A	1	12.7664	0.000339854
3	84	B	1	12.7664	0.000339854
3	84	A	2	12.3131	0.000358388
3	84	B	2	12.3131	0.000358388
3	84	A	3	12.1882	0.000379676
3	84	B	3	12.1882	0.000379676
3	84	A	4	11.8325	0.000446423
3	84	B	4	11.8325	0.000446423
3	85	A	1	12.4253	0.000365201
3	85	B	1	12.4253	0.000365201
3	85	A	2	12.0570	0.000388065
3	85	B	2	12.0570	0.000388065
3	85	A	3	12.0400	0.000395973
3	85	B	3	12.0400	0.000395973
3	85	A	4	11.4881	0.000466207
3	85	B	4	11.4881	0.000466207
3	86	A	1	12.9120	0.000382475
3	86	B	1	12.9120	0.000382475
3	86	A	2	12.3788	0.000413944
3	86	B	2	12.3788	0.000413944
3	86	A	3	12.6679	0.000412341
3	86	B	3	12.6679	0.000412341
3	86	A	4	12.0913	0.000485025
3	86	B	4	12.0913	0.000485025
3	87	A	1	12.7540	0.000346431
3	87	B	1	12.7540	0.000346431
3	87	A	2	12.2132	0.000374888
3	87	B	2	12.2132	0.000374888
3	87	A	3	12.1056	0.000380624
3	87	B	3	12.1056	0.000380624
3	87	A	4	11.5753	0.000453423
3	87	B	4	11.5753	0.000453423
3	88	A	1	13.2489	0.000356909
3	88	B	1	13.2489	0.000356909
3	88	A	2	12.5955	0.000366204
3	88	B	2	12.5955	0.000366204
3	88	A	3	12.7667	0.000388844
3	88	B	3	12.7667	0.000388844
3	88	A	4	12.0083	0.000446779
3	88	B	4	12.0083	0.000446779
3	89	A	1	12.8306	0.000376163
3	89	B	1	12.8306	0.000376163
3	89	A	2	12.5124	0.000374458
3	89	B	2	12.5124	0.000374458
3	89	A	3	12.3437	0.000393501
3	89	B	3	12.3437	0.000393501
3	89	A	4	11.8590	0.000443539
3	89	B	4	11.8590	0.000443539
3	90	A	1	12.4825	0.000793320
3	90	B	1	12.4825	0.000793320
3	90	A	2	13.1862	0.000643187
3	90	B	2	13.1862	0.000643187
3	90	A	3	12.8924	0.000673137
3	90	B	3	12.8924	0.000673137
3	90	A	4	12.5283	0.000682981
3	90	B	4	12.5283	0.000682981
3	91	A	1	12.3813	0.000461678
3	91	B	1	12.3813	0.000461678
3	91	A	2	11.8955	0.000463323
3	91	B	2	11.8955	0.000463323
3	91	A	3	11.8378	0.000509074
3	91	B	3	11.8378	0.000509074
3	91	A	4	11.5837	0.000578924
3	91	B	4	11.5837	0.000578924
3	92	A	1	13.0963	0.000380829
3	92	B	1	13.0963	0.000380829
3	92	A	2	12.7746	0.000374614
3	92	B	2	12.7746	0.000374614
3	92	A	3	12.6041	0.000384694
3	92	B	3	12.6041	0.000384694
3	92	A	4	12.1177	0.000445049
3	92	B	4	12.1177	0.000445049
3	93	A	1	12.8909	0.000359538
3	93	B	1	12.8909	0.000359538
3	93	A	2	12.4813	0.000374882
3	93	B	2	12.4813	0.000374882
3	93	A	3	12.3541	0.000392981
3	93	B	3	12.3541	0.000392981
3	93	A	4	11.7885	0.000435740
3	93	B	4	11.7885	0.000435740
3	94	A	1	12.8428	0.000368888
3	94	B	1	12.8428	0.000368888
3	94	A	2	12.4081	0.000388193
3	94	B	2	12.4081	0.000388193
3	94	A	3	12.2990	0.000391173
3	94	B	3	12.2990	0.000391173
3	94	A	4	11.7795	0.000451745
3	94	B	4	11.7795	0.000451745
3	95	A	1	12.9909	0.000363721
3	95	B	1	12.9909	0.000363721
3	95	A	2	12.5377	0.000376214
3	95	B	2	12.5377	0.000376214
3	95	A	3	12.3762	0.000381752
3	95	B	3	12.3762	0.000381752
3	95	A	4	11.8669	0.000441037
3	95	B	4	11.8669	0.000441037
3	96	A	1	12.8976	0.000385255
3	96	B	1	12.8976	0.000385255
3	96	A	2	12.5673	0.000392889
3	96	B	2	12.5673	0.000392889
3	96	A	3	12.5001	0.000404533
3	96	B	3	12.5001	0.000404533
3	96	A	4	12.0437	0.000463673
3	96	B	4	12.0437	0.000463673

