1	1	A	1	4.92488	0	0	0	0	0	0	0
1	1	B	1	-1.85407	0	0	0	0	0	0	0
1	1	A	2	3.36931	0	0	0	0	0	0	0
1	1	B	2	-3.36931	0	0	0	0	0	0	0
1	1	A	3	3.36585	0	0	0	0	0	0	0
1	1	B	3	-3.36585	0	0	0	0	0	0	0
1	1	A	4	11.06220	0	0	0	0	0	0	0
1	1	B	4	4.26551	0	0	0	0	0	0	0
1	2	A	1	3.99631	0	0	0	0	0	0	0
1	2	B	1	-3.30612	0	0	0	0	0	0	0
1	2	A	2	-1.12772	0	0	0	0	0	0	0
1	2	B	2	-8.21818	0	0	0	0	0	0	0
1	2	A	3	-8.40689	0	0	0	0	0	0	0
1	2	B	3	-15.33390	0	0	0	0	0	0	0
1	2	A	4	4.88604	0	0	0	0	0	0	0
1	2	B	4	-2.26686	0	0	0	0	0	0	0
1	3	A	1	1.05992	0	0	0	0	0	0	0
1	3	B	1	-5.86522	0	0	0	0	0	0	0
1	3	A	2	2.00262	0	0	0	0	0	0	0
1	3	B	2	-4.74681	0	0	0	0	0	0	0
1	3	A	3	9.25754	0	0	0	0	0	0	0
1	3	B	3	2.46306	0	0	0	0	0	0	0
1	3	A	4	6.40044	0	0	0	0	0	0	0
1	3	B	4	-0.50195	0	0	0	0	0	0	0
1	4	A	1	1.02455	0	0	0	0	0	0	0
1	4	B	1	-5.88963	0	0	0	0	0	0	0
1	4	A	2	0.00880	0	0	0	0	0	0	0
1	4	B	2	-6.97329	0	0	0	0	0	0	0
1	4	A	3	-5.82079	0	0	0	0	0	0	0
1	4	B	3	-12.76890	0	0	0	0	0	0	0
1	4	A	4	10.39450	0	0	0	0	0	0	0
1	4	B	4	3.31962	0	0	0	0	0	0	0
1	5	A	1	1.28736	0	0	0	0	0	0	0
1	5	B	1	-5.91166	0	0	0	0	0	0	0
1	5	A	2	0.81685	0	0	0	0	0	0	0
1	5	B	2	-6.47038	0	0	0	0	0	0	0
1	5	A	3	-3.20344	0	0	0	0	0	0	0
1	5	B	3	-10.19300	0	0	0	0	0	0	0
1	5	A	4	3.55217	0	0	0	0	0	0	0
1	5	B	4	-3.55217	0	0	0	0	0	0	0
1	6	A	1	2.80037	0	0	0	0	0	0	0
1	6	B	1	-4.21292	0	0	0	0	0	0	0
1	6	A	2	0.55105	0	0	0	0	0	0	0
1	6	B	2	-6.47943	0	0	0	0	0	0	0
1	6	A	3	-4.08754	0	0	0	0	0	0	0
1	6	B	3	-11.15470	0	0	0	0	0	0	0
1	6	A	4	3.47793	0	0	0	0	0	0	0
1	6	B	4	-3.47793	0	0	0	0	0	0	0
1	7	A	1	3.84309	0	0	0	0	0	0	0
1	7	B	1	-3.58523	0	0	0	0	0	0	0
1	7	A	2	-1.52494	0	0	0	0	0	0	0
1	7	B	2	-8.75411	0	0	0	0	0	0	0
1	7	A	3	-1.28099	0	0	0	0	0	0	0
1	7	B	3	-8.48108	0	0	0	0	0	0	0
1	7	A	4	3.61030	0	0	0	0	0	0	0
1	7	B	4	-3.61030	0	0	0	0	0	0	0
1	8	A	1	2.28878	0	0	0	0	0	0	0
1	8	B	1	-5.02427	0	0	0	0	0	0	0
1	8	A	2	1.79756	0	0	0	0	0	0	0
1	8	B	2	-5.68396	0	0	0	0	0	0	0
1	8	A	3	2.05595	0	0	0	0	0	0	0
1	8	B	3	-5.36070	0	0	0	0	0	0	0
1	8	A	4	3.74466	0	0	0	0	0	0	0
1	8	B	4	-3.74466	0	0	0	0	0	0	0
1	9	A	1	2.80849	0	0	0	0	0	0	0
1	9	B	1	-4.17749	0	0	0	0	0	0	0
1	9	A	2	-0.21392	0	0	0	0	0	0	0
1	9	B	2	-7.27003	0	0	0	0	0	0	0
1	9	A	3	1.56248	0	0	0	0	0	0	0
1	9	B	3	-5.55589	0	0	0	0	0	0	0
1	9	A	4	3.53979	0	0	0	0	0	0	0
1	9	B	4	-3.53979	0	0	0	0	0	0	0
1	10	A	1	2.76818	0	0	0	0	0	0	0
1	10	B	1	-4.25931	0	0	0	0	0	0	0
1	10	A	2	-1.08464	0	0	0	0	0	0	0
1	10	B	2	-8.09825	0	0	0	0	0	0	0
1	10	A	3	-1.79403	0	0	0	0	0	0	0
1	10	B	3	-8.56238	0	0	0	0	0	0	0
1	10	A	4	0.00000	0	0	0	0	0	0	0
1	10	B	4	0.00000	0	0	0	0	0	0	0
1	11	A	1	-5.14800	0	0	0	0	0	0	0
1	11	B	1	-6.95341	0	0	0	0	0	0	0
1	11	A	2	-9.54726	0	0	0	0	0	0	0
1	11	B	2	-11.31730	0	0	0	0	0	0	0
1	11	A	3	0.86478	0	0	0	0	0	0	0
1	11	B	3	-0.86478	0	0	0	0	0	0	0
1	11	A	4	0.00000	0	0	0	0	0	0	0
1	11	B	4	0.00000	0	0	0	0	0	0	0
1	12	A	1	-3.22798	0	0	0	0	0	0	0
1	12	B	1	-4.93568	0	0	0	0	0	0	0
1	12	A	2	-2.38286	0	0	0	0	0	0	0
1	12	B	2	-4.14897	0	0	0	0	0	0	0
1	12	A	3	4.37113	0	0	0	0	0	0	0
1	12	B	3	2.70769	0	0	0	0	0	0	0
1	12	A	4	0.80884	0	0	0	0	0	0	0
1	12	B	4	-0.80884	0	0	0	0	0	0	0
1	13	A	1	-2.04594	0	0	0	0	0	0	0
1	13	B	1	-5.58417	0	0	0	0	0	0	0
1	13	A	2	-2.03356	0	0	0	0	0	0	0
1	13	B	2	-5.54736	0	0	0	0	0	0	0
1	13	A	3	-1.88482	0	0	0	0	0	0	0
1	13	B	3	-5.42733	0	0	0	0	0	0	0
1	13	A	4	1.75391	0	0	0	0	0	0	0
1	13	B	4	-1.75391	0	0	0	0	0	0	0
1	14	A	1	-2.47746	0	0	0	0	0	0	0
1	14	B	1	-6.01204	0	0	0	0	0	0	0
1	14	A	2	-2.06137	0	0	0	0	0	0	0
1	14	B	2	-5.30836	0	0	0	0	0	0	0
1	14	A	3	8.58116	0	0	0	0	0	0	0
1	14	B	3	5.33219	0	0	0	0	0	0	0
1	14	A	4	1.68954	0	0	0	0	0	0	0
1	14	B	4	-1.68954	0	0	0	0	0	0	0
1	15	A	1	-4.70777	0	0	0	0	0	0	0
1	15	B	1	-8.53415	0	0	0	0	0	0	0
1	15	A	2	1.66897	0	0	0	0	0	0	0
1	15	B	2	-2.27917	0	0	0	0	0	0	0
1	15	A	3	-6.46817	0	0	0	0	0	0	0
1	15	B	3	-10.39410	0	0	0	0	0	0	0
1	15	A	4	1.98030	0	0	0	0	0	0	0
1	15	B	4	-1.98030	0	0	0	0	0	0	0
1	16	A	1	-3.01830	0	0	0	0	0	0	0
1	16	B	1	-6.47932	0	0	0	0	0	0	0
1	16	A	2	-1.05477	0	0	0	0	0	0	0
1	16	B	2	-4.57308	0	0	0	0	0	0	0
1	16	A	3	-5.09738	0	0	0	0	0	0	0
1	16	B	3	-8.57681	0	0	0	0	0	0	0
1	16	A	4	1.74883	0	0	0	0	0	0	0
1	16	B	4	-1.74883	0	0	0	0	0	0	0
1	17	A	1	-2.99808	0	0	0	0	0	0	0
1	17	B	1	-6.25001	0	0	0	0	0	0	0
1	17	A	2	2.15824	0	0	0	0	0	0	0
1	17	B	2	-1.02781	0	0	0	0	0	0	0
1	17	A	3	-4.81946	0	0	0	0	0	0	0
1	17	B	3	-7.89971	0	0	0	0	0	0	0
1	17	A	4	1.52521	0	0	0	0	0	0	0
1	17	B	4	-1.52521	0	0	0	0	0	0	0
1	18	A	1	-1.13941	0	0	0	0	0	0	0
1	18	B	1	-4.62122	0	0	0	0	0	0	0
1	18	A	2	2.56240	0	0	0	0	0	0	0
1	18	B	2	-1.00743	0	0	0	0	0	0	0
1	18	A	3	-1.49043	0	0	0	0	0	0	0
1	18	B	3	-5.01861	0	0	0	0	0	0	0
1	18	A	4	1.75619	0	0	0	0	0	0	0
1	18	B	4	-1.75619	0	0	0	0	0	0	0
1	19	A	1	0.17563	0	0	0	0	0	0	0
1	19	B	1	-3.05150	0	0	0	0	0	0	0
1	19	A	2	-0.62337	0	0	0	0	0	0	0
1	19	B	2	-3.63318	0	0	0	0	0	0	0
1	19	A	3	-3.73655	0	0	0	0	0	0	0
1	19	B	3	-6.77525	0	0	0	0	0	0	0
1	19	A	4	-10.32950	0	0	0	0	0	0	0
1	19	B	4	-13.39400	0	0	0	0	0	0	0
1	20	A	1	-0.94132	0	0	0	0	0	0	0
1	20	B	1	-4.24565	0	0	0	0	0	0	0
1	20	A	2	2.62719	0	0	0	0	0	0	0
1	20	B	2	-0.89758	0	0	0	0	0	0	0
1	20	A	3	-0.41789	0	0	0	0	0	0	0
1	20	B	3	-3.95310	0	0	0	0	0	0	0
1	20	A	4	-7.19672	0	0	0	0	0	0	0
1	20	B	4	-10.68940	0	0	0	0	0	0	0
1	21	A	1	-0.76445	0	0	0	0	0	0	0
1	21	B	1	-4.07659	0	0	0	0	0	0	0
1	21	A	2	2.58465	0	0	0	0	0	0	0
1	21	B	2	-0.89565	0	0	0	0	0	0	0
1	21	A	3	-3.89611	0	0	0	0	0	0	0
1	21	B	3	-7.27228	0	0	0	0	0	0	0
1	21	A	4	-7.12280	0	0	0	0	0	0	0
1	21	B	4	-10.53850	0	0	0	0	0	0	0
1	22	A	1	0.72473	0	0	0	0	0	0	0
1	22	B	1	-2.45585	0	0	0	0	0	0	0
1	22	A	2	1.56810	0	0	0	0	0	0	0
1	22	B	2	-1.54600	0	0	0	0	0	0	0
1	22	A	3	-4.29778	0	0	0	0	0	0	0
1	22	B	3	-7.13610	0	0	0	0	0	0	0
1	22	A	4	2.25762	0	0	0	0	0	0	0
1	22	B	4	-0.54218	0	0	0	0	0	0	0
1	23	A	1	-2.81290	0	0	0	0	0	0	0
1	23	B	1	-5.84101	0	0	0	0	0	0	0
1	23	A	2	-3.13931	0	0	0	0	0	0	0
1	23	B	2	-6.18951	0	0	0	0	0	0	0
1	23	A	3	3.25015	0	0	0	0	0	0	0
1	23	B	3	0.30678	0	0	0	0	0	0	0
1	23	A	4	1.56072	0	0	0	0	0	0	0
1	23	B	4	-1.56072	0	0	0	0	0	0	0
1	24	A	1	-0.34502	0	0	0	0	0	0	0
1	24	B	1	-3.09769	0	0	0	0	0	0	0
1	24	A	2	1.39708	0	0	0	0	0	0	0
1	24	B	2	-1.39708	0	0	0	0	0	0	0
1	24	A	3	-2.75804	0	0	0	0	0	0	0
1	24	B	3	-5.46033	0	0	0	0	0	0	0
1	24	A	4	4.91594	0	0	0	0	0	0	0
1	24	B	4	2.31880	0	0	0	0	0	0	0
1	25	A	1	-1.09919	0	0	0	0	0	0	0
1	25	B	1	-2.31800	0	0	0	0	0	0	0
1	25	A	2	0.59819	0	0	0	0	0	0	0
1	25	B	2	-0.59819	0	0	0	0	0	0	0
1	25	A	3	0.63080	0	0	0	0	0	0	0
1	25	B	3	-0.63080	0	0	0	0	0	0	0
1	25	A	4	4.67493	0	0	0	0	0	0	0
1	25	B	4	3.34396	0	0	0	0	0	0	0
1	26	A	1	-2.09604	0	0	0	0	0	0	0
1	26	B	1	-3.85718	0	0	0	0	0	0	0
1	26	A	2	-7.01456	0	0	0	0	0	0	0
1	26	B	2	-8.96840	0	0	0	0	0	0	0
1	26	A	3	-14.26460	0	0	0	0	0	0	0
1	26	B	3	-16.31100	0	0	0	0	0	0	0
1	26	A	4	2.63712	0	0	0	0	0	0	0
1	26	B	4	0.69193	0	0	0	0	0	0	0
1	27	A	1	-6.00147	0	0	0	0	0	0	0
1	27	B	1	-7.21383	0	0	0	0	0	0	0
1	27	A	2	1.87552	0	0	0	0	0	0	0
1	27	B	2	0.92763	0	0	0	0	0	0	0
1	27	A	3	6.30858	0	0	0	0	0	0	0
1	27	B	3	5.28967	0	0	0	0	0	0	0
1	27	A	4	0.16439	0	0	0	0	0	0	0
1	27	B	4	-0.67555	0	0	0	0	0	0	0
1	28	A	1	-5.25233	0	0	0	0	0	0	0
1	28	B	1	-6.72507	0	0	0	0	0	0	0
1	28	A	2	-6.08288	0	0	0	0	0	0	0
1	28	B	2	-7.55399	0	0	0	0	0	0	0
1	28	A	3	-11.89620	0	0	0	0	0	0	0
1	28	B	3	-13.29360	0	0	0	0	0	0	0
1	28	A	4	4.34142	0	0	0	0	0	0	0
1	28	B	4	2.87918	0	0	0	0	0	0	0
1	29	A	1	-5.02932	0	0	0	0	0	0	0
1	29	B	1	-5.92765	0	0	0	0	0	0	0
1	29	A	2	-5.81398	0	0	0	0	0	0	0
1	29	B	2	-6.88196	0	0	0	0	0	0	0
1	29	A	3	-9.69537	0	0	0	0	0	0	0
1	29	B	3	-10.68540	0	0	0	0	0	0	0
1	29	A	4	0.44959	0	0	0	0	0	0	0
1	29	B	4	-0.44959	0	0	0	0	0	0	0
1	30	A	1	-3.22864	0	0	0	0	0	0	0
1	30	B	1	-4.66392	0	0	0	0	0	0	0
1	30	A	2	-5.91503	0	0	0	0	0	0	0
1	30	B	2	-7.23996	0	0	0	0	0	0	0
1	30	A	3	-10.18570	0	0	0	0	0	0	0
1	30	B	3	-11.51880	0	0	0	0	0	0	0
1	30	A	4	0.66163	0	0	0	0	0	0	0
1	30	B	4	-0.66163	0	0	0	0	0	0	0
1	31	A	1	8.20925	0	0	0	0	0	0	0
1	31	B	1	-0.89137	0	0	0	0	0	0	0
1	31	A	2	2.19829	0	0	0	0	0	0	0
1	31	B	2	-6.72686	0	0	0	0	0	0	0
1	31	A	3	2.53254	0	0	0	0	0	0	0
1	31	B	3	-6.48135	0	0	0	0	0	0	0
1	31	A	4	4.45577	0	0	0	0	0	0	0
1	31	B	4	-4.45577	0	0	0	0	0	0	0
1	32	A	1	6.19916	0	0	0	0	0	0	0
1	32	B	1	-3.02734	0	0	0	0	0	0	0
1	32	A	2	5.48708	0	0	0	0	0	0	0
1	32	B	2	-3.87083	0	0	0	0	0	0	0
1	32	A	3	6.11509	0	0	0	0	0	0	0
1	32	B	3	-3.16966	0	0	0	0	0	0	0
1	32	A	4	4.65597	0	0	0	0	0	0	0
1	32	B	4	-4.65597	0	0	0	0	0	0	0
1	33	A	1	6.65702	0	0	0	0	0	0	0
1	33	B	1	-2.38021	0	0	0	0	0	0	0
1	33	A	2	3.79853	0	0	0	0	0	0	0
1	33	B	2	-5.32703	0	0	0	0	0	0	0
1	33	A	3	5.67105	0	0	0	0	0	0	0
1	33	B	3	-3.48912	0	0	0	0	0	0	0
1	33	A	4	4.57834	0	0	0	0	0	0	0
1	33	B	4	-4.57834	0	0	0	0	0	0	0
1	34	A	1	7.36796	0	0	0	0	0	0	0
1	34	B	1	-1.56983	0	0	0	0	0	0	0
1	34	A	2	3.08718	0	0	0	0	0	0	0
1	34	B	2	-5.80026	0	0	0	0	0	0	0
1	34	A	3	4.47921	0	0	0	0	0	0	0
1	34	B	3	-4.60761	0	0	0	0	0	0	0
1	34	A	4	4.56065	0	0	0	0	0	0	0
1	34	B	4	-4.56065	0	0	0	0	0	0	0
1	35	A	1	4.14893	0	0	0	0	0	0	0
1	35	B	1	-5.14398	0	0	0	0	0	0	0
1	35	A	2	-0.66814	0	0	0	0	0	0	0
1	35	B	2	-9.71476	0	0	0	0	0	0	0
1	35	A	3	4.63873	0	0	0	0	0	0	0
1	35	B	3	-4.63873	0	0	0	0	0	0	0
1	35	A	4	4.62638	0	0	0	0	0	0	0
1	35	B	4	-4.62638	0	0	0	0	0	0	0
1	36	A	1	6.15308	0	0	0	0	0	0	0
1	36	B	1	-3.41449	0	0	0	0	0	0	0
1	36	A	2	7.16109	0	0	0	0	0	0	0
1	36	B	2	-2.37307	0	0	0	0	0	0	0
1	36	A	3	13.77210	0	0	0	0	0	0	0
1	36	B	3	4.24347	0	0	0	0	0	0	0
1	36	A	4	4.71260	0	0	0	0	0	0	0
1	36	B	4	-4.71260	0	0	0	0	0	0	0
1	37	A	1	7.11235	0	0	0	0	0	0	0
1	37	B	1	-4.06459	0	0	0	0	0	0	0
1	37	A	2	8.33932	0	0	0	0	0	0	0
1	37	B	2	-2.95368	0	0	0	0	0	0	0
1	37	A	3	7.22003	0	0	0	0	0	0	0
1	37	B	3	-4.09347	0	0	0	0	0	0	0
1	37	A	4	5.63030	0	0	0	0	0	0	0
1	37	B	4	-5.63030	0	0	0	0	0	0	0
1	38	A	1	7.37499	0	0	0	0	0	0	0
1	38	B	1	-3.49141	0	0	0	0	0	0	0
1	38	A	2	6.55495	0	0	0	0	0	0	0
1	38	B	2	-4.43685	0	0	0	0	0	0	0
1	38	A	3	18.27650	0	0	0	0	0	0	0
1	38	B	3	7.21196	0	0	0	0	0	0	0
1	38	A	4	5.46755	0	0	0	0	0	0	0
1	38	B	4	-5.46755	0	0	0	0	0	0	0
1	39	A	1	4.67131	0	0	0	0	0	0	0
1	39	B	1	-1.16810	0	0	0	0	0	0	0
1	39	A	2	9.94451	0	0	0	0	0	0	0
1	39	B	2	4.05984	0	0	0	0	0	0	0
1	39	A	3	4.26728	0	0	0	0	0	0	0
1	39	B	3	-1.59381	0	0	0	0	0	0	0
1	39	A	4	3.02251	0	0	0	0	0	0	0
1	39	B	4	-3.02251	0	0	0	0	0	0	0
1	40	A	1	5.99473	0	0	0	0	0	0	0
1	40	B	1	0.33615	0	0	0	0	0	0	0
1	40	A	2	10.01960	0	0	0	0	0	0	0
1	40	B	2	4.32251	0	0	0	0	0	0	0
1	40	A	3	4.00147	0	0	0	0	0	0	0
1	40	B	3	-1.82080	0	0	0	0	0	0	0
1	40	A	4	2.84976	0	0	0	0	0	0	0
1	40	B	4	-2.84976	0	0	0	0	0	0	0
1	41	A	1	6.50164	0	0	0	0	0	0	0
1	41	B	1	0.35690	0	0	0	0	0	0	0
1	41	A	2	12.26650	0	0	0	0	0	0	0
1	41	B	2	5.99897	0	0	0	0	0	0	0
1	41	A	3	6.21759	0	0	0	0	0	0	0
1	41	B	3	0.07139	0	0	0	0	0	0	0
1	41	A	4	3.11017	0	0	0	0	0	0	0
1	41	B	4	-3.11017	0	0	0	0	0	0	0
1	42	A	1	8.35731	0	0	0	0	0	0	0
1	42	B	1	2.79631	0	0	0	0	0	0	0
1	42	A	2	11.13230	0	0	0	0	0	0	0
1	42	B	2	5.56453	0	0	0	0	0	0	0
1	42	A	3	8.30792	0	0	0	0	0	0	0
1	42	B	3	2.68346	0	0	0	0	0	0	0
1	42	A	4	2.81880	0	0	0	0	0	0	0
1	42	B	4	-2.81880	0	0	0	0	0	0	0
1	43	A	1	9.83314	0	0	0	0	0	0	0
1	43	B	1	3.90711	0	0	0	0	0	0	0
1	43	A	2	9.52478	0	0	0	0	0	0	0
1	43	B	2	3.62883	0	0	0	0	0	0	0
1	43	A	3	6.82128	0	0	0	0	0	0	0
1	43	B	3	0.96367	0	0	0	0	0	0	0
1	43	A	4	-0.75412	0	0	0	0	0	0	0
1	43	B	4	-6.59160	0	0	0	0	0	0	0
1	44	A	1	9.02048	0	0	0	0	0	0	0
1	44	B	1	2.88044	0	0	0	0	0	0	0
1	44	A	2	12.45550	0	0	0	0	0	0	0
1	44	B	2	6.41676	0	0	0	0	0	0	0
1	44	A	3	9.40750	0	0	0	0	0	0	0
1	44	B	3	3.34875	0	0	0	0	0	0	0
1	44	A	4	2.70523	0	0	0	0	0	0	0
1	44	B	4	-3.36918	0	0	0	0	0	0	0
1	45	A	1	8.26872	0	0	0	0	0	0	0
1	45	B	1	2.51616	0	0	0	0	0	0	0
1	45	A	2	11.54820	0	0	0	0	0	0	0
1	45	B	2	5.60810	0	0	0	0	0	0	0
1	45	A	3	1.22825	0	0	0	0	0	0	0
1	45	B	3	-4.74488	0	0	0	0	0	0	0
1	45	A	4	2.47607	0	0	0	0	0	0	0
1	45	B	4	-3.47296	0	0	0	0	0	0	0
1	46	A	1	10.07670	0	0	0	0	0	0	0
1	46	B	1	4.31341	0	0	0	0	0	0	0
1	46	A	2	10.91820	0	0	0	0	0	0	0
1	46	B	2	5.03127	0	0	0	0	0	0	0
1	46	A	3	5.32924	0	0	0	0	0	0	0
1	46	B	3	-0.44577	0	0	0	0	0	0	0
1	46	A	4	12.47580	0	0	0	0	0	0	0
1	46	B	4	6.67032	0	0	0	0	0	0	0
1	47	A	1	7.14377	0	0	0	0	0	0	0
1	47	B	1	0.87015	0	0	0	0	0	0	0
1	47	A	2	6.76616	0	0	0	0	0	0	0
1	47	B	2	0.58193	0	0	0	0	0	0	0
1	47	A	3	13.44890	0	0	0	0	0	0	0
1	47	B	3	7.05077	0	0	0	0	0	0	0
1	47	A	4	3.16861	0	0	0	0	0	0	0
1	47	B	4	-3.16861	0	0	0	0	0	0	0
1	48	A	1	8.86236	0	0	0	0	0	0	0
1	48	B	1	2.80392	0	0	0	0	0	0	0
1	48	A	2	3.03914	0	0	0	0	0	0	0
1	48	B	2	-3.03914	0	0	0	0	0	0	0
1	48	A	3	3.44080	0	0	0	0	0	0	0
1	48	B	3	-2.68559	0	0	0	0	0	0	0
1	48	A	4	7.87663	0	0	0	0	0	0	0
1	48	B	4	1.69258	0	0	0	0	0	0	0
2	1	A	1	0.76510	0	0	0	0	0	0	0
2	1	B	1	-5.50729	0	0	0	0	0	0	0
2	1	A	2	-0.21574	0	0	0	0	0	0	0
2	1	B	2	-6.52007	0	0	0	0	0	0	0
2	1	A	3	1.85736	0	0	0	0	0	0	0
2	1	B	3	-4.43297	0	0	0	0	0	0	0
2	1	A	4	8.28685	0	0	0	0	0	0	0
2	1	B	4	1.94417	0	0	0	0	0	0	0
2	2	A	1	1.73020	0	0	0	0	0	0	0
2	2	B	1	-4.92397	0	0	0	0	0	0	0
2	2	A	2	-0.21643	0	0	0	0	0	0	0
2	2	B	2	-6.68599	0	0	0	0	0	0	0
2	2	A	3	-2.27077	0	0	0	0	0	0	0
2	2	B	3	-8.56220	0	0	0	0	0	0	0
2	2	A	4	5.23304	0	0	0	0	0	0	0
2	2	B	4	-1.14900	0	0	0	0	0	0	0
2	3	A	1	-0.19099	0	0	0	0	0	0	0
2	3	B	1	-7.21208	0	0	0	0	0	0	0
2	3	A	2	-1.84514	0	0	0	0	0	0	0
2	3	B	2	-8.88812	0	0	0	0	0	0	0
2	3	A	3	-3.84624	0	0	0	0	0	0	0
2	3	B	3	-11.01490	0	0	0	0	0	0	0
2	3	A	4	3.10872	0	0	0	0	0	0	0
2	3	B	4	-4.15421	0	0	0	0	0	0	0
2	4	A	1	-0.46539	0	0	0	0	0	0	0
2	4	B	1	-7.08532	0	0	0	0	0	0	0
2	4	A	2	-0.36149	0	0	0	0	0	0	0
2	4	B	2	-6.90078	0	0	0	0	0	0	0
2	4	A	3	1.24953	0	0	0	0	0	0	0
2	4	B	3	-5.36271	0	0	0	0	0	0	0
2	4	A	4	5.93263	0	0	0	0	0	0	0
2	4	B	4	-0.61672	0	0	0	0	0	0	0
2	5	A	1	1.47797	0	0	0	0	0	0	0
2	5	B	1	-5.10933	0	0	0	0	0	0	0
2	5	A	2	0.48467	0	0	0	0	0	0	0
2	5	B	2	-6.18871	0	0	0	0	0	0	0
2	5	A	3	-6.65326	0	0	0	0	0	0	0
2	5	B	3	-13.41680	0	0	0	0	0	0	0
2	5	A	4	5.41867	0	0	0	0	0	0	0
2	5	B	4	-1.21126	0	0	0	0	0	0	0
2	6	A	1	2.04365	0	0	0	0	0	0	0
2	6	B	1	-4.71547	0	0	0	0	0	0	0
2	6	A	2	3.78810	0	0	0	0	0	0	0
2	6	B	2	-3.01867	0	0	0	0	0	0	0
2	6	A	3	-7.89578	0	0	0	0	0	0	0
2	6	B	3	-14.67950	0	0	0	0	0	0	0
2	6	A	4	3.36078	0	0	0	0	0	0	0
2	6	B	4	-3.36078	0	0	0	0	0	0	0
2	7	A	1	4.28794	0	0	0	0	0	0	0
2	7	B	1	-2.93928	0	0	0	0	0	0	0
2	7	A	2	0.78721	0	0	0	0	0	0	0
2	7	B	2	-6.32392	0	0	0	0	0	0	0
2	7	A	3	-1.52068	0	0	0	0	0	0	0
2	7	B	3	-8.77108	0	0	0	0	0	0	0
2	7	A	4	3.61565	0	0	0	0	0	0	0
2	7	B	4	-3.61565	0	0	0	0	0	0	0
2	8	A	1	1.42003	0	0	0	0	0	0	0
2	8	B	1	-5.69571	0	0	0	0	0	0	0
2	8	A	2	5.40256	0	0	0	0	0	0	0
2	8	B	2	-1.64547	0	0	0	0	0	0	0
2	8	A	3	-3.24844	0	0	0	0	0	0	0
2	8	B	3	-10.21720	0	0	0	0	0	0	0
2	8	A	4	3.51026	0	0	0	0	0	0	0
2	8	B	4	-3.51026	0	0	0	0	0	0	0
2	9	A	1	1.82597	0	0	0	0	0	0	0
2	9	B	1	-4.78820	0	0	0	0	0	0	0
2	9	A	2	4.56232	0	0	0	0	0	0	0
2	9	B	2	-2.16948	0	0	0	0	0	0	0
2	9	A	3	1.47995	0	0	0	0	0	0	0
2	9	B	3	-5.24582	0	0	0	0	0	0	0
2	9	A	4	3.41208	0	0	0	0	0	0	0
2	9	B	4	-3.41208	0	0	0	0	0	0	0
2	10	A	1	1.49849	0	0	0	0	0	0	0
2	10	B	1	-5.07291	0	0	0	0	0	0	0
2	10	A	2	4.54934	0	0	0	0	0	0	0
2	10	B	2	-2.05065	0	0	0	0	0	0	0
2	10	A	3	7.71356	0	0	0	0	0	0	0
2	10	B	3	1.23924	0	0	0	0	0	0	0
2	10	A	4	3.25778	0	0	0	0	0	0	0
2	10	B	4	-3.25778	0	0	0	0	0	0	0
2	11	A	1	-6.19798	0	0	0	0	0	0	0
2	11	B	1	-7.90335	0	0	0	0	0	0	0
2	11	A	2	-2.70213	0	0	0	0	0	0	0
2	11	B	2	-4.40838	0	0	0	0	0	0	0
2	11	A	3	-0.68352	0	0	0	0	0	0	0
2	11	B	3	-2.35311	0	0	0	0	0	0	0
2	11	A	4	0.00000	0	0	0	0	0	0	0
2	11	B	4	0.00000	0	0	0	0	0	0	0
2	12	A	1	-5.15954	0	0	0	0	0	0	0
2	12	B	1	-6.17537	0	0	0	0	0	0	0
2	12	A	2	-1.94471	0	0	0	0	0	0	0
2	12	B	2	-2.94406	0	0	0	0	0	0	0
2	12	A	3	1.61760	0	0	0	0	0	0	0
2	12	B	3	0.74056	0	0	0	0	0	0	0
2	12	A	4	0.00000	0	0	0	0	0	0	0
2	12	B	4	0.00000	0	0	0	0	0	0	0
2	13	A	1	-2.49456	0	0	0	0	0	0	0
2	13	B	1	-5.71583	0	0	0	0	0	0	0
2	13	A	2	0.13287	0	0	0	0	0	0	0
2	13	B	2	-3.22603	0	0	0	0	0	0	0
2	13	A	3	3.60029	0	0	0	0	0	0	0
2	13	B	3	0.13615	0	0	0	0	0	0	0
2	13	A	4	1.79981	0	0	0	0	0	0	0
2	13	B	4	-1.79981	0	0	0	0	0	0	0
2	14	A	1	-4.35003	0	0	0	0	0	0	0
2	14	B	1	-7.53567	0	0	0	0	0	0	0
2	14	A	2	-1.59104	0	0	0	0	0	0	0
2	14	B	2	-4.62576	0	0	0	0	0	0	0
2	14	A	3	0.00000	0	0	0	0	0	0	0
2	14	B	3	0.00000	0	0	0	0	0	0	0
2	14	A	4	1.54432	0	0	0	0	0	0	0
2	14	B	4	-1.54432	0	0	0	0	0	0	0
2	15	A	1	-4.24444	0	0	0	0	0	0	0
2	15	B	1	-7.30904	0	0	0	0	0	0	0
2	15	A	2	1.54624	0	0	0	0	0	0	0
2	15	B	2	-1.54624	0	0	0	0	0	0	0
2	15	A	3	-0.25372	0	0	0	0	0	0	0
2	15	B	3	-3.45109	0	0	0	0	0	0	0
2	15	A	4	1.52658	0	0	0	0	0	0	0
2	15	B	4	-1.52658	0	0	0	0	0	0	0
2	16	A	1	-6.46392	0	0	0	0	0	0	0
2	16	B	1	-9.59834	0	0	0	0	0	0	0
2	16	A	2	1.90086	0	0	0	0	0	0	0
2	16	B	2	-1.24905	0	0	0	0	0	0	0
2	16	A	3	-3.58381	0	0	0	0	0	0	0
2	16	B	3	-6.72229	0	0	0	0	0	0	0
2	16	A	4	1.58790	0	0	0	0	0	0	0
2	16	B	4	-1.58790	0	0	0	0	0	0	0
2	17	A	1	-2.98301	0	0	0	0	0	0	0
2	17	B	1	-6.10091	0	0	0	0	0	0	0
2	17	A	2	0.92971	0	0	0	0	0	0	0
2	17	B	2	-2.10521	0	0	0	0	0	0	0
2	17	A	3	-1.62241	0	0	0	0	0	0	0
2	17	B	3	-4.56390	0	0	0	0	0	0	0
2	17	A	4	1.43528	0	0	0	0	0	0	0
2	17	B	4	-1.43528	0	0	0	0	0	0	0
2	18	A	1	-3.80098	0	0	0	0	0	0	0
2	18	B	1	-6.62770	0	0	0	0	0	0	0
2	18	A	2	0.99981	0	0	0	0	0	0	0
2	18	B	2	-1.93072	0	0	0	0	0	0	0
2	18	A	3	-2.00842	0	0	0	0	0	0	0
2	18	B	3	-4.94645	0	0	0	0	0	0	0
2	18	A	4	1.50469	0	0	0	0	0	0	0
2	18	B	4	-1.50469	0	0	0	0	0	0	0
2	19	A	1	-1.10634	0	0	0	0	0	0	0
2	19	B	1	-5.00684	0	0	0	0	0	0	0
2	19	A	2	1.04140	0	0	0	0	0	0	0
2	19	B	2	-2.68737	0	0	0	0	0	0	0
2	19	A	3	-4.65367	0	0	0	0	0	0	0
2	19	B	3	-8.46060	0	0	0	0	0	0	0
2	19	A	4	1.92490	0	0	0	0	0	0	0
2	19	B	4	-1.92490	0	0	0	0	0	0	0
2	20	A	1	-4.37064	0	0	0	0	0	0	0
2	20	B	1	-7.59722	0	0	0	0	0	0	0
2	20	A	2	1.61105	0	0	0	0	0	0	0
2	20	B	2	-1.54106	0	0	0	0	0	0	0
2	20	A	3	-5.80215	0	0	0	0	0	0	0
2	20	B	3	-8.91587	0	0	0	0	0	0	0
2	20	A	4	-3.11905	0	0	0	0	0	0	0
2	20	B	4	-6.24864	0	0	0	0	0	0	0
2	21	A	1	6.87833	0	0	0	0	0	0	0
2	21	B	1	-4.49087	0	0	0	0	0	0	0
2	21	A	2	2.20973	0	0	0	0	0	0	0
2	21	B	2	-9.16717	0	0	0	0	0	0	0
2	21	A	3	11.13360	0	0	0	0	0	0	0
2	21	B	3	-0.25675	0	0	0	0	0	0	0
2	21	A	4	5.71060	0	0	0	0	0	0	0
2	21	B	4	-5.71060	0	0	0	0	0	0	0
2	22	A	1	6.06980	0	0	0	0	0	0	0
2	22	B	1	-5.37092	0	0	0	0	0	0	0
2	22	A	2	6.51161	0	0	0	0	0	0	0
2	22	B	2	-4.93599	0	0	0	0	0	0	0
2	22	A	3	-1.19501	0	0	0	0	0	0	0
2	22	B	3	-12.59060	0	0	0	0	0	0	0
2	22	A	4	9.47691	0	0	0	0	0	0	0
2	22	B	4	-1.90919	0	0	0	0	0	0	0
2	23	A	1	2.80251	0	0	0	0	0	0	0
2	23	B	1	-8.35013	0	0	0	0	0	0	0
2	23	A	2	3.02274	0	0	0	0	0	0	0
2	23	B	2	-8.25556	0	0	0	0	0	0	0
2	23	A	3	3.08519	0	0	0	0	0	0	0
2	23	B	3	-8.26891	0	0	0	0	0	0	0
2	23	A	4	12.72120	0	0	0	0	0	0	0
2	23	B	4	1.50092	0	0	0	0	0	0	0
2	24	A	1	5.43162	0	0	0	0	0	0	0
2	24	B	1	-5.77932	0	0	0	0	0	0	0
2	24	A	2	5.08859	0	0	0	0	0	0	0
2	24	B	2	-6.08851	0	0	0	0	0	0	0
2	24	A	3	11.95850	0	0	0	0	0	0	0
2	24	B	3	0.71296	0	0	0	0	0	0	0
2	24	A	4	12.30240	0	0	0	0	0	0	0
2	24	B	4	1.07534	0	0	0	0	0	0	0
2	25	A	1	5.05945	0	0	0	0	0	0	0
2	25	B	1	-4.51147	0	0	0	0	0	0	0
2	25	A	2	2.83153	0	0	0	0	0	0	0
2	25	B	2	-6.75837	0	0	0	0	0	0	0
2	25	A	3	2.66772	0	0	0	0	0	0	0
2	25	B	3	-6.86452	0	0	0	0	0	0	0
2	25	A	4	7.54343	0	0	0	0	0	0	0
2	25	B	4	-2.02181	0	0	0	0	0	0	0
2	26	A	1	6.09199	0	0	0	0	0	0	0
2	26	B	1	-3.44677	0	0	0	0	0	0	0
2	26	A	2	3.32203	0	0	0	0	0	0	0
2	26	B	2	-6.19656	0	0	0	0	0	0	0
2	26	A	3	1.77767	0	0	0	0	0	0	0
2	26	B	3	-7.60113	0	0	0	0	0	0	0
2	26	A	4	9.35272	0	0	0	0	0	0	0
2	26	B	4	-0.07181	0	0	0	0	0	0	0
2	27	A	1	3.78584	0	0	0	0	0	0	0
2	27	B	1	-5.75129	0	0	0	0	0	0	0
2	27	A	2	2.24034	0	0	0	0	0	0	0
2	27	B	2	-7.20747	0	0	0	0	0	0	0
2	27	A	3	0.35041	0	0	0	0	0	0	0
2	27	B	3	-9.08165	0	0	0	0	0	0	0
2	27	A	4	4.05572	0	0	0	0	0	0	0
2	27	B	4	-5.38715	0	0	0	0	0	0	0
2	28	A	1	3.82148	0	0	0	0	0	0	0
2	28	B	1	-5.54912	0	0	0	0	0	0	0
2	28	A	2	4.50726	0	0	0	0	0	0	0
2	28	B	2	-4.90460	0	0	0	0	0	0	0
2	28	A	3	5.27802	0	0	0	0	0	0	0
2	28	B	3	-4.17901	0	0	0	0	0	0	0
2	28	A	4	11.36720	0	0	0	0	0	0	0
2	28	B	4	1.83405	0	0	0	0	0	0	0
2	29	A	1	5.85945	0	0	0	0	0	0	0
2	29	B	1	-3.76610	0	0	0	0	0	0	0
2	29	A	2	4.95649	0	0	0	0	0	0	0
2	29	B	2	-4.76815	0	0	0	0	0	0	0
2	29	A	3	-1.06304	0	0	0	0	0	0	0
2	29	B	3	-10.69400	0	0	0	0	0	0	0
2	29	A	4	9.84307	0	0	0	0	0	0	0
2	29	B	4	0.16762	0	0	0	0	0	0	0
2	30	A	1	5.82847	0	0	0	0	0	0	0
2	30	B	1	-3.11115	0	0	0	0	0	0	0
2	30	A	2	7.40230	0	0	0	0	0	0	0
2	30	B	2	-1.52895	0	0	0	0	0	0	0
2	30	A	3	-2.13472	0	0	0	0	0	0	0
2	30	B	3	-11.07930	0	0	0	0	0	0	0
2	30	A	4	4.53025	0	0	0	0	0	0	0
2	30	B	4	-4.53025	0	0	0	0	0	0	0
2	31	A	1	7.85695	0	0	0	0	0	0	0
2	31	B	1	-0.51864	0	0	0	0	0	0	0
2	31	A	2	5.00950	0	0	0	0	0	0	0
2	31	B	2	-3.51447	0	0	0	0	0	0	0
2	31	A	3	3.23248	0	0	0	0	0	0	0
2	31	B	3	-5.29267	0	0	0	0	0	0	0
2	31	A	4	4.28559	0	0	0	0	0	0	0
2	31	B	4	-4.28559	0	0	0	0	0	0	0
2	32	A	1	5.31999	0	0	0	0	0	0	0
2	32	B	1	-3.62146	0	0	0	0	0	0	0
2	32	A	2	9.23743	0	0	0	0	0	0	0
2	32	B	2	0.22570	0	0	0	0	0	0	0
2	32	A	3	0.60654	0	0	0	0	0	0	0
2	32	B	3	-8.48016	0	0	0	0	0	0	0
2	32	A	4	4.57372	0	0	0	0	0	0	0
2	32	B	4	-4.57372	0	0	0	0	0	0	0
2	33	A	1	5.62955	0	0	0	0	0	0	0
2	33	B	1	-3.28625	0	0	0	0	0	0	0
2	33	A	2	7.35511	0	0	0	0	0	0	0
2	33	B	2	-1.63816	0	0	0	0	0	0	0
2	33	A	3	5.65975	0	0	0	0	0	0	0
2	33	B	3	-3.34601	0	0	0	0	0	0	0
2	33	A	4	4.45691	0	0	0	0	0	0	0
2	33	B	4	-4.45691	0	0	0	0	0	0	0
2	34	A	1	4.56861	0	0	0	0	0	0	0
2	34	B	1	-4.77684	0	0	0	0	0	0	0
2	34	A	2	8.22536	0	0	0	0	0	0	0
2	34	B	2	-1.19845	0	0	0	0	0	0	0
2	34	A	3	12.16560	0	0	0	0	0	0	0
2	34	B	3	2.90449	0	0	0	0	0	0	0
2	34	A	4	4.63026	0	0	0	0	0	0	0
2	34	B	4	-4.63026	0	0	0	0	0	0	0
2	35	A	1	3.22210	0	0	0	0	0	0	0
2	35	B	1	-5.77922	0	0	0	0	0	0	0
2	35	A	2	7.18662	0	0	0	0	0	0	0
2	35	B	2	-1.77825	0	0	0	0	0	0	0
2	35	A	3	6.94764	0	0	0	0	0	0	0
2	35	B	3	-2.03174	0	0	0	0	0	0	0
2	35	A	4	4.51508	0	0	0	0	0	0	0
2	35	B	4	-4.51508	0	0	0	0	0	0	0
2	36	A	1	4.53034	0	0	0	0	0	0	0
2	36	B	1	-4.70559	0	0	0	0	0	0	0
2	36	A	2	9.45711	0	0	0	0	0	0	0
2	36	B	2	0.12661	0	0	0	0	0	0	0
2	36	A	3	11.62790	0	0	0	0	0	0	0
2	36	B	3	2.44938	0	0	0	0	0	0	0
2	36	A	4	4.61906	0	0	0	0	0	0	0
2	36	B	4	-4.61906	0	0	0	0	0	0	0
2	37	A	1	6.69145	0	0	0	0	0	0	0
2	37	B	1	-4.57084	0	0	0	0	0	0	0
2	37	A	2	10.43460	0	0	0	0	0	0	0
2	37	B	2	-0.92034	0	0	0	0	0	0	0
2	37	A	3	13.78300	0	0	0	0	0	0	0
2	37	B	3	2.40690	0	0	0	0	0	0	0
2	37	A	4	5.68900	0	0	0	0	0	0	0
2	37	B	4	-5.68900	0	0	0	0	0	0	0
2	38	A	1	5.91962	0	0	0	0	0	0	0
2	38	B	1	-5.17187	0	0	0	0	0	0	0
2	38	A	2	6.76035	0	0	0	0	0	0	0
2	38	B	2	-4.15955	0	0	0	0	0	0	0
2	38	A	3	1.74779	0	0	0	0	0	0	0
2	38	B	3	-9.51921	0	0	0	0	0	0	0
2	38	A	4	5.54485	0	0	0	0	0	0	0
2	38	B	4	-5.54485	0	0	0	0	0	0	0
2	39	A	1	5.21116	0	0	0	0	0	0	0
2	39	B	1	-1.03473	0	0	0	0	0	0	0
2	39	A	2	3.02357	0	0	0	0	0	0	0
2	39	B	2	-3.02357	0	0	0	0	0	0	0
2	39	A	3	9.59711	0	0	0	0	0	0	0
2	39	B	3	3.57477	0	0	0	0	0	0	0
2	39	A	4	2.98019	0	0	0	0	0	0	0
2	39	B	4	-2.98019	0	0	0	0	0	0	0
2	40	A	1	3.58843	0	0	0	0	0	0	0
2	40	B	1	-2.19666	0	0	0	0	0	0	0
2	40	A	2	13.51030	0	0	0	0	0	0	0
2	40	B	2	7.89683	0	0	0	0	0	0	0
2	40	A	3	5.72938	0	0	0	0	0	0	0
2	40	B	3	0.11256	0	0	0	0	0	0	0
2	40	A	4	2.87449	0	0	0	0	0	0	0
2	40	B	4	-2.87449	0	0	0	0	0	0	0
2	41	A	1	6.25855	0	0	0	0	0	0	0
2	41	B	1	0.30482	0	0	0	0	0	0	0
2	41	A	2	11.32200	0	0	0	0	0	0	0
2	41	B	2	5.39091	0	0	0	0	0	0	0
2	41	A	3	9.22900	0	0	0	0	0	0	0
2	41	B	3	3.43370	0	0	0	0	0	0	0
2	41	A	4	2.89581	0	0	0	0	0	0	0
2	41	B	4	-2.89581	0	0	0	0	0	0	0
2	42	A	1	6.33294	0	0	0	0	0	0	0
2	42	B	1	0.27008	0	0	0	0	0	0	0
2	42	A	2	11.27390	0	0	0	0	0	0	0
2	42	B	2	5.29426	0	0	0	0	0	0	0
2	42	A	3	8.38402	0	0	0	0	0	0	0
2	42	B	3	2.25351	0	0	0	0	0	0	0
2	42	A	4	3.10879	0	0	0	0	0	0	0
2	42	B	4	-3.10879	0	0	0	0	0	0	0
2	43	A	1	8.56959	0	0	0	0	0	0	0
2	43	B	1	2.10617	0	0	0	0	0	0	0
2	43	A	2	10.17960	0	0	0	0	0	0	0
2	43	B	2	3.85622	0	0	0	0	0	0	0
2	43	A	3	5.11777	0	0	0	0	0	0	0
2	43	B	3	-1.15508	0	0	0	0	0	0	0
2	43	A	4	3.12022	0	0	0	0	0	0	0
2	43	B	4	-3.12022	0	0	0	0	0	0	0
2	44	A	1	5.74039	0	0	0	0	0	0	0
2	44	B	1	-0.46627	0	0	0	0	0	0	0
2	44	A	2	12.35470	0	0	0	0	0	0	0
2	44	B	2	6.02810	0	0	0	0	0	0	0
2	44	A	3	6.68953	0	0	0	0	0	0	0
2	44	B	3	0.45563	0	0	0	0	0	0	0
2	44	A	4	7.22502	0	0	0	0	0	0	0
2	44	B	4	0.98447	0	0	0	0	0	0	0
2	45	A	1	6.06272	0	0	0	0	0	0	0
2	45	B	1	-0.02367	0	0	0	0	0	0	0
2	45	A	2	4.02757	0	0	0	0	0	0	0
2	45	B	2	-2.16120	0	0	0	0	0	0	0
2	45	A	3	10.35150	0	0	0	0	0	0	0
2	45	B	3	4.16254	0	0	0	0	0	0	0
2	45	A	4	0.00000	0	0	0	0	0	0	0
2	45	B	4	0.00000	0	0	0	0	0	0	0
2	46	A	1	6.62669	0	0	0	0	0	0	0
2	46	B	1	0.44619	0	0	0	0	0	0	0
2	46	A	2	6.04704	0	0	0	0	0	0	0
2	46	B	2	0.02510	0	0	0	0	0	0	0
2	46	A	3	4.39329	0	0	0	0	0	0	0
2	46	B	3	-1.69644	0	0	0	0	0	0	0
2	46	A	4	9.40175	0	0	0	0	0	0	0
2	46	B	4	3.29123	0	0	0	0	0	0	0
2	47	A	1	2.44559	0	0	0	0	0	0	0
2	47	B	1	-3.66768	0	0	0	0	0	0	0
2	47	A	2	2.05329	0	0	0	0	0	0	0
2	47	B	2	-3.98539	0	0	0	0	0	0	0
2	47	A	3	5.87746	0	0	0	0	0	0	0
2	47	B	3	-0.11940	0	0	0	0	0	0	0
2	47	A	4	12.10050	0	0	0	0	0	0	0
2	47	B	4	6.03752	0	0	0	0	0	0	0
2	48	A	1	5.41996	0	0	0	0	0	0	0
2	48	B	1	-0.77862	0	0	0	0	0	0	0
2	48	A	2	5.31713	0	0	0	0	0	0	0
2	48	B	2	-1.03842	0	0	0	0	0	0	0
2	48	A	3	11.73880	0	0	0	0	0	0	0
2	48	B	3	5.46337	0	0	0	0	0	0	0
2	48	A	4	12.15970	0	0	0	0	0	0	0
2	48	B	4	5.88183	0	0	0	0	0	0	0
3	1	A	1	1.12868	0	0	0	0	0	0	0
3	1	B	1	-5.99657	0	0	0	0	0	0	0
3	1	A	2	2.07288	0	0	0	0	0	0	0
3	1	B	2	-4.90538	0	0	0	0	0	0	0
3	1	A	3	0.29496	0	0	0	0	0	0	0
3	1	B	3	-6.54800	0	0	0	0	0	0	0
3	1	A	4	10.75380	0	0	0	0	0	0	0
3	1	B	4	3.87482	0	0	0	0	0	0	0
3	2	A	1	0.75721	0	0	0	0	0	0	0
3	2	B	1	-6.27761	0	0	0	0	0	0	0
3	2	A	2	-0.17000	0	0	0	0	0	0	0
3	2	B	2	-7.33686	0	0	0	0	0	0	0
3	2	A	3	-6.13591	0	0	0	0	0	0	0
3	2	B	3	-13.34740	0	0	0	0	0	0	0
3	2	A	4	7.87036	0	0	0	0	0	0	0
3	2	B	4	0.65884	0	0	0	0	0	0	0
3	3	A	1	-1.87773	0	0	0	0	0	0	0
3	3	B	1	-9.30562	0	0	0	0	0	0	0
3	3	A	2	-1.16033	0	0	0	0	0	0	0
3	3	B	2	-8.37683	0	0	0	0	0	0	0
3	3	A	3	-3.23313	0	0	0	0	0	0	0
3	3	B	3	-10.45890	0	0	0	0	0	0	0
3	3	A	4	8.38587	0	0	0	0	0	0	0
3	3	B	4	1.33002	0	0	0	0	0	0	0
3	4	A	1	-2.03258	0	0	0	0	0	0	0
3	4	B	1	-8.66002	0	0	0	0	0	0	0
3	4	A	2	0.66921	0	0	0	0	0	0	0
3	4	B	2	-5.89868	0	0	0	0	0	0	0
3	4	A	3	-1.99222	0	0	0	0	0	0	0
3	4	B	3	-8.56716	0	0	0	0	0	0	0
3	4	A	4	9.99777	0	0	0	0	0	0	0
3	4	B	4	3.36138	0	0	0	0	0	0	0
3	5	A	1	-1.05958	0	0	0	0	0	0	0
3	5	B	1	-7.71158	0	0	0	0	0	0	0
3	5	A	2	0.30633	0	0	0	0	0	0	0
3	5	B	2	-6.50939	0	0	0	0	0	0	0
3	5	A	3	-7.70236	0	0	0	0	0	0	0
3	5	B	3	-14.46210	0	0	0	0	0	0	0
3	5	A	4	10.25830	0	0	0	0	0	0	0
3	5	B	4	3.43779	0	0	0	0	0	0	0
3	6	A	1	0.59797	0	0	0	0	0	0	0
3	6	B	1	-6.23018	0	0	0	0	0	0	0
3	6	A	2	2.01099	0	0	0	0	0	0	0
3	6	B	2	-4.83540	0	0	0	0	0	0	0
3	6	A	3	1.86234	0	0	0	0	0	0	0
3	6	B	3	-5.01937	0	0	0	0	0	0	0
3	6	A	4	12.93140	0	0	0	0	0	0	0
3	6	B	4	6.09054	0	0	0	0	0	0	0
3	7	A	1	1.82750	0	0	0	0	0	0	0
3	7	B	1	-4.72746	0	0	0	0	0	0	0
3	7	A	2	0.36210	0	0	0	0	0	0	0
3	7	B	2	-6.19487	0	0	0	0	0	0	0
3	7	A	3	-6.94390	0	0	0	0	0	0	0
3	7	B	3	-13.48160	0	0	0	0	0	0	0
3	7	A	4	0.98331	0	0	0	0	0	0	0
3	7	B	4	-5.57320	0	0	0	0	0	0	0
3	8	A	1	-2.09721	0	0	0	0	0	0	0
3	8	B	1	-5.32445	0	0	0	0	0	0	0
3	8	A	2	4.06812	0	0	0	0	0	0	0
3	8	B	2	-2.35918	0	0	0	0	0	0	0
3	8	A	3	5.73742	0	0	0	0	0	0	0
3	8	B	3	-0.70412	0	0	0	0	0	0	0
3	8	A	4	16.03280	0	0	0	0	0	0	0
3	8	B	4	9.67310	0	0	0	0	0	0	0
3	9	A	1	1.46233	0	0	0	0	0	0	0
3	9	B	1	-5.19933	0	0	0	0	0	0	0
3	9	A	2	3.55668	0	0	0	0	0	0	0
3	9	B	2	-3.10327	0	0	0	0	0	0	0
3	9	A	3	-5.47327	0	0	0	0	0	0	0
3	9	B	3	-12.11030	0	0	0	0	0	0	0
3	9	A	4	3.29909	0	0	0	0	0	0	0
3	9	B	4	-3.29909	0	0	0	0	0	0	0
3	10	A	1	2.38848	0	0	0	0	0	0	0
3	10	B	1	-4.45454	0	0	0	0	0	0	0
3	10	A	2	2.75434	0	0	0	0	0	0	0
3	10	B	2	-4.01865	0	0	0	0	0	0	0
3	10	A	3	0.85063	0	0	0	0	0	0	0
3	10	B	3	-6.20706	0	0	0	0	0	0	0
3	10	A	4	3.45888	0	0	0	0	0	0	0
3	10	B	4	-3.45888	0	0	0	0	0	0	0
3	11	A	1	-0.69780	0	0	0	0	0	0	0
3	11	B	1	-8.00797	0	0	0	0	0	0	0
3	11	A	2	-0.02273	0	0	0	0	0	0	0
3	11	B	2	-7.28368	0	0	0	0	0	0	0
3	11	A	3	1.29409	0	0	0	0	0	0	0
3	11	B	3	-6.10233	0	0	0	0	0	0	0
3	11	A	4	3.65398	0	0	0	0	0	0	0
3	11	B	4	-3.65398	0	0	0	0	0	0	0
3	12	A	1	1.66240	0	0	0	0	0	0	0
3	12	B	1	-5.60825	0	0	0	0	0	0	0
3	12	A	2	2.93305	0	0	0	0	0	0	0
3	12	B	2	-4.34427	0	0	0	0	0	0	0
3	12	A	3	3.26272	0	0	0	0	0	0	0
3	12	B	3	-4.05579	0	0	0	0	0	0	0
3	12	A	4	3.65861	0	0	0	0	0	0	0
3	12	B	4	-3.65861	0	0	0	0	0	0	0
3	13	A	1	1.95535	0	0	0	0	0	0	0
3	13	B	1	-6.19255	0	0	0	0	0	0	0
3	13	A	2	2.19028	0	0	0	0	0	0	0
3	13	B	2	-5.88301	0	0	0	0	0	0	0
3	13	A	3	6.28631	0	0	0	0	0	0	0
3	13	B	3	-1.69508	0	0	0	0	0	0	0
3	13	A	4	4.02562	0	0	0	0	0	0	0
3	13	B	4	-4.02562	0	0	0	0	0	0	0
3	14	A	1	4.77984	0	0	0	0	0	0	0
3	14	B	1	-3.35266	0	0	0	0	0	0	0
3	14	A	2	-0.16131	0	0	0	0	0	0	0
3	14	B	2	-8.68586	0	0	0	0	0	0	0
3	14	A	3	-2.91387	0	0	0	0	0	0	0
3	14	B	3	-11.70590	0	0	0	0	0	0	0
3	14	A	4	4.35877	0	0	0	0	0	0	0
3	14	B	4	-4.35877	0	0	0	0	0	0	0
3	15	A	1	-0.22149	0	0	0	0	0	0	0
3	15	B	1	-8.60834	0	0	0	0	0	0	0
3	15	A	2	-0.30409	0	0	0	0	0	0	0
3	15	B	2	-8.69893	0	0	0	0	0	0	0
3	15	A	3	-1.44626	0	0	0	0	0	0	0
3	15	B	3	-9.74977	0	0	0	0	0	0	0
3	15	A	4	4.07238	0	0	0	0	0	0	0
3	15	B	4	-4.07238	0	0	0	0	0	0	0
3	16	A	1	1.57905	0	0	0	0	0	0	0
3	16	B	1	-6.79569	0	0	0	0	0	0	0
3	16	A	2	0.85799	0	0	0	0	0	0	0
3	16	B	2	-7.43679	0	0	0	0	0	0	0
3	16	A	3	-0.49227	0	0	0	0	0	0	0
3	16	B	3	-8.72417	0	0	0	0	0	0	0
3	16	A	4	4.14353	0	0	0	0	0	0	0
3	16	B	4	-4.14353	0	0	0	0	0	0	0
3	17	A	1	1.92166	0	0	0	0	0	0	0
3	17	B	1	-6.03261	0	0	0	0	0	0	0
3	17	A	2	2.09733	0	0	0	0	0	0	0
3	17	B	2	-6.16919	0	0	0	0	0	0	0
3	17	A	3	0.92563	0	0	0	0	0	0	0
3	17	B	3	-7.26675	0	0	0	0	0	0	0
3	17	A	4	4.15042	0	0	0	0	0	0	0
3	17	B	4	-4.15042	0	0	0	0	0	0	0
3	18	A	1	3.83940	0	0	0	0	0	0	0
3	18	B	1	-4.38878	0	0	0	0	0	0	0
3	18	A	2	3.53671	0	0	0	0	0	0	0
3	18	B	2	-4.72660	0	0	0	0	0	0	0
3	18	A	3	4.19337	0	0	0	0	0	0	0
3	18	B	3	-4.19337	0	0	0	0	0	0	0
3	18	A	4	4.22433	0	0	0	0	0	0	0
3	18	B	4	-4.22433	0	0	0	0	0	0	0
3	19	A	1	5.03844	0	0	0	0	0	0	0
3	19	B	1	-2.79481	0	0	0	0	0	0	0
3	19	A	2	1.80847	0	0	0	0	0	0	0
3	19	B	2	-6.15379	0	0	0	0	0	0	0
3	19	A	3	2.74019	0	0	0	0	0	0	0
3	19	B	3	-5.28564	0	0	0	0	0	0	0
3	19	A	4	4.11766	0	0	0	0	0	0	0
3	19	B	4	-4.11766	0	0	0	0	0	0	0
3	20	A	1	4.80715	0	0	0	0	0	0	0
3	20	B	1	-3.35619	0	0	0	0	0	0	0
3	20	A	2	5.52097	0	0	0	0	0	0	0
3	20	B	2	-2.80776	0	0	0	0	0	0	0
3	20	A	3	4.15001	0	0	0	0	0	0	0
3	20	B	3	-4.15001	0	0	0	0	0	0	0
3	20	A	4	4.20333	0	0	0	0	0	0	0
3	20	B	4	-4.20333	0	0	0	0	0	0	0
3	21	A	1	-0.49641	0	0	0	0	0	0	0
3	21	B	1	-3.23952	0	0	0	0	0	0	0
3	21	A	2	-1.11392	0	0	0	0	0	0	0
3	21	B	2	-3.91400	0	0	0	0	0	0	0
3	21	A	3	0.92360	0	0	0	0	0	0	0
3	21	B	3	-1.95404	0	0	0	0	0	0	0
3	21	A	4	1.43697	0	0	0	0	0	0	0
3	21	B	4	-1.43697	0	0	0	0	0	0	0
3	22	A	1	0.80574	0	0	0	0	0	0	0
3	22	B	1	-2.13148	0	0	0	0	0	0	0
3	22	A	2	-2.04208	0	0	0	0	0	0	0
3	22	B	2	-4.96619	0	0	0	0	0	0	0
3	22	A	3	1.75513	0	0	0	0	0	0	0
3	22	B	3	-1.75513	0	0	0	0	0	0	0
3	22	A	4	1.70562	0	0	0	0	0	0	0
3	22	B	4	-1.70562	0	0	0	0	0	0	0
3	23	A	1	-1.99400	0	0	0	0	0	0	0
3	23	B	1	-5.56594	0	0	0	0	0	0	0
3	23	A	2	-6.06685	0	0	0	0	0	0	0
3	23	B	2	-9.73821	0	0	0	0	0	0	0
3	23	A	3	1.95201	0	0	0	0	0	0	0
3	23	B	3	-1.95201	0	0	0	0	0	0	0
3	23	A	4	1.86367	0	0	0	0	0	0	0
3	23	B	4	-1.86367	0	0	0	0	0	0	0
3	24	A	1	-0.01844	0	0	0	0	0	0	0
3	24	B	1	-3.81128	0	0	0	0	0	0	0
3	24	A	2	-2.15184	0	0	0	0	0	0	0
3	24	B	2	-5.75755	0	0	0	0	0	0	0
3	24	A	3	-2.58848	0	0	0	0	0	0	0
3	24	B	3	-6.15741	0	0	0	0	0	0	0
3	24	A	4	1.75754	0	0	0	0	0	0	0
3	24	B	4	-1.75754	0	0	0	0	0	0	0
3	25	A	1	0.05757	0	0	0	0	0	0	0
3	25	B	1	-0.86246	0	0	0	0	0	0	0
3	25	A	2	-4.73287	0	0	0	0	0	0	0
3	25	B	2	-5.91824	0	0	0	0	0	0	0
3	25	A	3	-2.95933	0	0	0	0	0	0	0
3	25	B	3	-4.00571	0	0	0	0	0	0	0
3	25	A	4	0.58000	0	0	0	0	0	0	0
3	25	B	4	-0.58000	0	0	0	0	0	0	0
3	26	A	1	-0.71366	0	0	0	0	0	0	0
3	26	B	1	-1.68612	0	0	0	0	0	0	0
3	26	A	2	1.56832	0	0	0	0	0	0	0
3	26	B	2	0.22321	0	0	0	0	0	0	0
3	26	A	3	-9.08629	0	0	0	0	0	0	0
3	26	B	3	-10.45880	0	0	0	0	0	0	0
3	26	A	4	0.67806	0	0	0	0	0	0	0
3	26	B	4	-0.67806	0	0	0	0	0	0	0
3	27	A	1	-2.85089	0	0	0	0	0	0	0
3	27	B	1	-4.21502	0	0	0	0	0	0	0
3	27	A	2	0.39084	0	0	0	0	0	0	0
3	27	B	2	-0.92749	0	0	0	0	0	0	0
3	27	A	3	-5.93324	0	0	0	0	0	0	0
3	27	B	3	-7.36030	0	0	0	0	0	0	0
3	27	A	4	0.64541	0	0	0	0	0	0	0
3	27	B	4	-0.64541	0	0	0	0	0	0	0
3	28	A	1	-3.43626	0	0	0	0	0	0	0
3	28	B	1	-4.23986	0	0	0	0	0	0	0
3	28	A	2	2.11188	0	0	0	0	0	0	0
3	28	B	2	1.18956	0	0	0	0	0	0	0
3	28	A	3	-5.09678	0	0	0	0	0	0	0
3	28	B	3	-5.99918	0	0	0	0	0	0	0
3	28	A	4	0.47987	0	0	0	0	0	0	0
3	28	B	4	-0.47987	0	0	0	0	0	0	0
3	29	A	1	-2.72589	0	0	0	0	0	0	0
3	29	B	1	-4.29631	0	0	0	0	0	0	0
3	29	A	2	1.70284	0	0	0	0	0	0	0
3	29	B	2	-0.02060	0	0	0	0	0	0	0
3	29	A	3	-3.34723	0	0	0	0	0	0	0
3	29	B	3	-5.01889	0	0	0	0	0	0	0
3	29	A	4	0.76721	0	0	0	0	0	0	0
3	29	B	4	-0.76721	0	0	0	0	0	0	0
3	30	A	1	-1.41269	0	0	0	0	0	0	0
3	30	B	1	-2.63016	0	0	0	0	0	0	0
3	30	A	2	4.59856	0	0	0	0	0	0	0
3	30	B	2	3.33069	0	0	0	0	0	0	0
3	30	A	3	0.06173	0	0	0	0	0	0	0
3	30	B	3	-1.21034	0	0	0	0	0	0	0
3	30	A	4	0.58957	0	0	0	0	0	0	0
3	30	B	4	-0.58957	0	0	0	0	0	0	0
3	31	A	1	0.38286	0	0	0	0	0	0	0
3	31	B	1	-1.68092	0	0	0	0	0	0	0
3	31	A	2	2.51056	0	0	0	0	0	0	0
3	31	B	2	0.68939	0	0	0	0	0	0	0
3	31	A	3	-1.98420	0	0	0	0	0	0	0
3	31	B	3	-3.86538	0	0	0	0	0	0	0
3	31	A	4	0.98641	0	0	0	0	0	0	0
3	31	B	4	-0.98641	0	0	0	0	0	0	0
3	32	A	1	-1.47029	0	0	0	0	0	0	0
3	32	B	1	-3.21987	0	0	0	0	0	0	0
3	32	A	2	5.58108	0	0	0	0	0	0	0
3	32	B	2	3.77821	0	0	0	0	0	0	0
3	32	A	3	0.89024	0	0	0	0	0	0	0
3	32	B	3	-0.89024	0	0	0	0	0	0	0
3	32	A	4	0.91070	0	0	0	0	0	0	0
3	32	B	4	-0.91070	0	0	0	0	0	0	0
3	33	A	1	-2.02710	0	0	0	0	0	0	0
3	33	B	1	-3.47141	0	0	0	0	0	0	0
3	33	A	2	3.58516	0	0	0	0	0	0	0
3	33	B	2	2.00396	0	0	0	0	0	0	0
3	33	A	3	-0.29811	0	0	0	0	0	0	0
3	33	B	3	-1.93314	0	0	0	0	0	0	0
3	33	A	4	0.82472	0	0	0	0	0	0	0
3	33	B	4	-0.82472	0	0	0	0	0	0	0
3	34	A	1	-1.85937	0	0	0	0	0	0	0
3	34	B	1	-3.33357	0	0	0	0	0	0	0
3	34	A	2	3.01852	0	0	0	0	0	0	0
3	34	B	2	1.49377	0	0	0	0	0	0	0
3	34	A	3	0.92718	0	0	0	0	0	0	0
3	34	B	3	-0.92718	0	0	0	0	0	0	0
3	34	A	4	0.95491	0	0	0	0	0	0	0
3	34	B	4	-0.95491	0	0	0	0	0	0	0
3	35	A	1	-5.01869	0	0	0	0	0	0	0
3	35	B	1	-6.98789	0	0	0	0	0	0	0
3	35	A	2	0.60236	0	0	0	0	0	0	0
3	35	B	2	-1.26916	0	0	0	0	0	0	0
3	35	A	3	-4.30951	0	0	0	0	0	0	0
3	35	B	3	-6.30929	0	0	0	0	0	0	0
3	35	A	4	1.00036	0	0	0	0	0	0	0
3	35	B	4	-1.00036	0	0	0	0	0	0	0
3	36	A	1	-2.73194	0	0	0	0	0	0	0
3	36	B	1	-4.99383	0	0	0	0	0	0	0
3	36	A	2	3.48715	0	0	0	0	0	0	0
3	36	B	2	1.28486	0	0	0	0	0	0	0
3	36	A	3	-2.02439	0	0	0	0	0	0	0
3	36	B	3	-4.07923	0	0	0	0	0	0	0
3	36	A	4	1.01459	0	0	0	0	0	0	0
3	36	B	4	-1.01459	0	0	0	0	0	0	0
3	37	A	1	-2.65671	0	0	0	0	0	0	0
3	37	B	1	-5.99594	0	0	0	0	0	0	0
3	37	A	2	3.65752	0	0	0	0	0	0	0
3	37	B	2	0.32130	0	0	0	0	0	0	0
3	37	A	3	-5.97932	0	0	0	0	0	0	0
3	37	B	3	-9.36084	0	0	0	0	0	0	0
3	37	A	4	1.75290	0	0	0	0	0	0	0
3	37	B	4	-1.75290	0	0	0	0	0	0	0
3	38	A	1	-2.38382	0	0	0	0	0	0	0
3	38	B	1	-5.55047	0	0	0	0	0	0	0
3	38	A	2	0.56974	0	0	0	0	0	0	0
3	38	B	2	-2.61724	0	0	0	0	0	0	0
3	38	A	3	-12.00870	0	0	0	0	0	0	0
3	38	B	3	-15.53880	0	0	0	0	0	0	0
3	38	A	4	1.71357	0	0	0	0	0	0	0
3	38	B	4	-1.71357	0	0	0	0	0	0	0
3	39	A	1	-3.98926	0	0	0	0	0	0	0
3	39	B	1	-7.77935	0	0	0	0	0	0	0
3	39	A	2	-0.42812	0	0	0	0	0	0	0
3	39	B	2	-4.05990	0	0	0	0	0	0	0
3	39	A	3	0.33982	0	0	0	0	0	0	0
3	39	B	3	-3.47769	0	0	0	0	0	0	0
3	39	A	4	1.86491	0	0	0	0	0	0	0
3	39	B	4	-1.86491	0	0	0	0	0	0	0
3	40	A	1	-4.53748	0	0	0	0	0	0	0
3	40	B	1	-7.78410	0	0	0	0	0	0	0
3	40	A	2	1.59140	0	0	0	0	0	0	0
3	40	B	2	-1.38243	0	0	0	0	0	0	0
3	40	A	3	-7.67186	0	0	0	0	0	0	0
3	40	B	3	-10.65480	0	0	0	0	0	0	0
3	40	A	4	1.53205	0	0	0	0	0	0	0
3	40	B	4	-1.53205	0	0	0	0	0	0	0
3	41	A	1	2.07522	0	0	0	0	0	0	0
3	41	B	1	-6.36627	0	0	0	0	0	0	0
3	41	A	2	6.15100	0	0	0	0	0	0	0
3	41	B	2	-2.37580	0	0	0	0	0	0	0
3	41	A	3	-2.46977	0	0	0	0	0	0	0
3	41	B	3	-10.97210	0	0	0	0	0	0	0
3	41	A	4	4.29612	0	0	0	0	0	0	0
3	41	B	4	-4.29612	0	0	0	0	0	0	0
3	42	A	1	2.61848	0	0	0	0	0	0	0
3	42	B	1	-5.75034	0	0	0	0	0	0	0
3	42	A	2	6.15869	0	0	0	0	0	0	0
3	42	B	2	-2.15817	0	0	0	0	0	0	0
3	42	A	3	1.54035	0	0	0	0	0	0	0
3	42	B	3	-6.87119	0	0	0	0	0	0	0
3	42	A	4	4.21169	0	0	0	0	0	0	0
3	42	B	4	-4.21169	0	0	0	0	0	0	0
3	43	A	1	5.09805	0	0	0	0	0	0	0
3	43	B	1	-3.42272	0	0	0	0	0	0	0
3	43	A	2	6.22329	0	0	0	0	0	0	0
3	43	B	2	-2.31753	0	0	0	0	0	0	0
3	43	A	3	0.36783	0	0	0	0	0	0	0
3	43	B	3	-8.18686	0	0	0	0	0	0	0
3	43	A	4	4.26926	0	0	0	0	0	0	0
3	43	B	4	-4.26926	0	0	0	0	0	0	0
3	44	A	1	2.28912	0	0	0	0	0	0	0
3	44	B	1	-6.23295	0	0	0	0	0	0	0
3	44	A	2	7.30552	0	0	0	0	0	0	0
3	44	B	2	-1.07767	0	0	0	0	0	0	0
3	44	A	3	3.34557	0	0	0	0	0	0	0
3	44	B	3	-4.98636	0	0	0	0	0	0	0
3	44	A	4	4.18112	0	0	0	0	0	0	0
3	44	B	4	-4.18112	0	0	0	0	0	0	0
3	45	A	1	2.03509	0	0	0	0	0	0	0
3	45	B	1	-6.23879	0	0	0	0	0	0	0
3	45	A	2	5.18890	0	0	0	0	0	0	0
3	45	B	2	-3.12458	0	0	0	0	0	0	0
3	45	A	3	4.01519	0	0	0	0	0	0	0
3	45	B	3	-4.22940	0	0	0	0	0	0	0
3	45	A	4	4.12735	0	0	0	0	0	0	0
3	45	B	4	-4.12735	0	0	0	0	0	0	0
3	46	A	1	3.26591	0	0	0	0	0	0	0
3	46	B	1	-4.99009	0	0	0	0	0	0	0
3	46	A	2	4.41200	0	0	0	0	0	0	0
3	46	B	2	-3.84487	0	0	0	0	0	0	0
3	46	A	3	-1.34262	0	0	0	0	0	0	0
3	46	B	3	-9.81977	0	0	0	0	0	0	0
3	46	A	4	4.27637	0	0	0	0	0	0	0
3	46	B	4	-4.27637	0	0	0	0	0	0	0
3	47	A	1	-1.03205	0	0	0	0	0	0	0
3	47	B	1	-9.62528	0	0	0	0	0	0	0
3	47	A	2	0.41316	0	0	0	0	0	0	0
3	47	B	2	-8.20495	0	0	0	0	0	0	0
3	47	A	3	-0.24505	0	0	0	0	0	0	0
3	47	B	3	-8.85279	0	0	0	0	0	0	0
3	47	A	4	9.07552	0	0	0	0	0	0	0
3	47	B	4	0.39515	0	0	0	0	0	0	0
3	48	A	1	1.52116	0	0	0	0	0	0	0
3	48	B	1	-6.91651	0	0	0	0	0	0	0
3	48	A	2	3.73078	0	0	0	0	0	0	0
3	48	B	2	-4.74727	0	0	0	0	0	0	0
3	48	A	3	0.88296	0	0	0	0	0	0	0
3	48	B	3	-7.45592	0	0	0	0	0	0	0
3	48	A	4	9.44302	0	0	0	0	0	0	0
3	48	B	4	1.07638	0	0	0	0	0	0	0
3	49	A	1	1.69970	0	0	0	0	0	0	0
3	49	B	1	-5.34241	0	0	0	0	0	0	0
3	49	A	2	2.22509	0	0	0	0	0	0	0
3	49	B	2	-4.96017	0	0	0	0	0	0	0
3	49	A	3	0.99952	0	0	0	0	0	0	0
3	49	B	3	-6.05590	0	0	0	0	0	0	0
3	49	A	4	11.41560	0	0	0	0	0	0	0
3	49	B	4	4.30841	0	0	0	0	0	0	0
3	50	A	1	1.81216	0	0	0	0	0	0	0
3	50	B	1	-5.08888	0	0	0	0	0	0	0
3	50	A	2	0.15527	0	0	0	0	0	0	0
3	50	B	2	-6.80181	0	0	0	0	0	0	0
3	50	A	3	-4.76602	0	0	0	0	0	0	0
3	50	B	3	-11.95300	0	0	0	0	0	0	0
3	50	A	4	8.90461	0	0	0	0	0	0	0
3	50	B	4	1.82876	0	0	0	0	0	0	0
3	51	A	1	3.54402	0	0	0	0	0	0	0
3	51	B	1	-5.89488	0	0	0	0	0	0	0
3	51	A	2	4.79745	0	0	0	0	0	0	0
3	51	B	2	-4.79982	0	0	0	0	0	0	0
3	51	A	3	2.24036	0	0	0	0	0	0	0
3	51	B	3	-7.35652	0	0	0	0	0	0	0
3	51	A	4	14.02800	0	0	0	0	0	0	0
3	51	B	4	4.51655	0	0	0	0	0	0	0
3	52	A	1	4.23892	0	0	0	0	0	0	0
3	52	B	1	-5.22581	0	0	0	0	0	0	0
3	52	A	2	6.15476	0	0	0	0	0	0	0
3	52	B	2	-3.28580	0	0	0	0	0	0	0
3	52	A	3	4.18092	0	0	0	0	0	0	0
3	52	B	3	-5.51363	0	0	0	0	0	0	0
3	52	A	4	15.88220	0	0	0	0	0	0	0
3	52	B	4	6.19742	0	0	0	0	0	0	0
3	53	A	1	4.82128	0	0	0	0	0	0	0
3	53	B	1	-4.81756	0	0	0	0	0	0	0
3	53	A	2	5.56212	0	0	0	0	0	0	0
3	53	B	2	-3.96350	0	0	0	0	0	0	0
3	53	A	3	-3.62395	0	0	0	0	0	0	0
3	53	B	3	-13.22490	0	0	0	0	0	0	0
3	53	A	4	15.72210	0	0	0	0	0	0	0
3	53	B	4	6.19869	0	0	0	0	0	0	0
3	54	A	1	6.41009	0	0	0	0	0	0	0
3	54	B	1	-2.92658	0	0	0	0	0	0	0
3	54	A	2	7.53489	0	0	0	0	0	0	0
3	54	B	2	-1.87448	0	0	0	0	0	0	0
3	54	A	3	7.34074	0	0	0	0	0	0	0
3	54	B	3	-2.16667	0	0	0	0	0	0	0
3	54	A	4	18.58700	0	0	0	0	0	0	0
3	54	B	4	8.99815	0	0	0	0	0	0	0
3	55	A	1	7.48488	0	0	0	0	0	0	0
3	55	B	1	-1.74849	0	0	0	0	0	0	0
3	55	A	2	4.76142	0	0	0	0	0	0	0
3	55	B	2	-4.55837	0	0	0	0	0	0	0
3	55	A	3	-3.87972	0	0	0	0	0	0	0
3	55	B	3	-13.20130	0	0	0	0	0	0	0
3	55	A	4	6.59795	0	0	0	0	0	0	0
3	55	B	4	-2.78385	0	0	0	0	0	0	0
3	56	A	1	6.33516	0	0	0	0	0	0	0
3	56	B	1	-3.16957	0	0	0	0	0	0	0
3	56	A	2	7.77493	0	0	0	0	0	0	0
3	56	B	2	-1.64327	0	0	0	0	0	0	0
3	56	A	3	11.15680	0	0	0	0	0	0	0
3	56	B	3	1.74680	0	0	0	0	0	0	0
3	56	A	4	21.46490	0	0	0	0	0	0	0
3	56	B	4	11.99550	0	0	0	0	0	0	0
3	57	A	1	6.18486	0	0	0	0	0	0	0
3	57	B	1	-3.33206	0	0	0	0	0	0	0
3	57	A	2	9.43536	0	0	0	0	0	0	0
3	57	B	2	0.04142	0	0	0	0	0	0	0
3	57	A	3	-2.88505	0	0	0	0	0	0	0
3	57	B	3	-12.15510	0	0	0	0	0	0	0
3	57	A	4	4.62338	0	0	0	0	0	0	0
3	57	B	4	-4.62338	0	0	0	0	0	0	0
3	58	A	1	7.58266	0	0	0	0	0	0	0
3	58	B	1	-1.87952	0	0	0	0	0	0	0
3	58	A	2	8.42152	0	0	0	0	0	0	0
3	58	B	2	-0.92048	0	0	0	0	0	0	0
3	58	A	3	6.51882	0	0	0	0	0	0	0
3	58	B	3	-3.09239	0	0	0	0	0	0	0
3	58	A	4	4.80509	0	0	0	0	0	0	0
3	58	B	4	-4.80509	0	0	0	0	0	0	0
3	59	A	1	3.92416	0	0	0	0	0	0	0
3	59	B	1	-5.11917	0	0	0	0	0	0	0
3	59	A	2	5.76399	0	0	0	0	0	0	0
3	59	B	2	-3.25716	0	0	0	0	0	0	0
3	59	A	3	6.43545	0	0	0	0	0	0	0
3	59	B	3	-2.56768	0	0	0	0	0	0	0
3	59	A	4	4.45937	0	0	0	0	0	0	0
3	59	B	4	-4.45937	0	0	0	0	0	0	0
3	60	A	1	6.45193	0	0	0	0	0	0	0
3	60	B	1	-3.11830	0	0	0	0	0	0	0
3	60	A	2	8.26073	0	0	0	0	0	0	0
3	60	B	2	-1.27661	0	0	0	0	0	0	0
3	60	A	3	8.34944	0	0	0	0	0	0	0
3	60	B	3	-1.16855	0	0	0	0	0	0	0
3	60	A	4	4.74812	0	0	0	0	0	0	0
3	60	B	4	-4.74812	0	0	0	0	0	0	0
3	61	A	1	6.72284	0	0	0	0	0	0	0
3	61	B	1	-3.95951	0	0	0	0	0	0	0
3	61	A	2	8.26421	0	0	0	0	0	0	0
3	61	B	2	-2.61399	0	0	0	0	0	0	0
3	61	A	3	12.11940	0	0	0	0	0	0	0
3	61	B	3	1.30381	0	0	0	0	0	0	0
3	61	A	4	5.39510	0	0	0	0	0	0	0
3	61	B	4	-5.39510	0	0	0	0	0	0	0
3	62	A	1	10.35070	0	0	0	0	0	0	0
3	62	B	1	-0.66202	0	0	0	0	0	0	0
3	62	A	2	5.46595	0	0	0	0	0	0	0
3	62	B	2	-5.60475	0	0	0	0	0	0	0
3	62	A	3	2.17252	0	0	0	0	0	0	0
3	62	B	3	-9.20268	0	0	0	0	0	0	0
3	62	A	4	5.62090	0	0	0	0	0	0	0
3	62	B	4	-5.62090	0	0	0	0	0	0	0
3	63	A	1	5.20653	0	0	0	0	0	0	0
3	63	B	1	-5.80700	0	0	0	0	0	0	0
3	63	A	2	5.61499	0	0	0	0	0	0	0
3	63	B	2	-5.46091	0	0	0	0	0	0	0
3	63	A	3	3.93037	0	0	0	0	0	0	0
3	63	B	3	-7.28003	0	0	0	0	0	0	0
3	63	A	4	5.54690	0	0	0	0	0	0	0
3	63	B	4	-5.54690	0	0	0	0	0	0	0
3	64	A	1	7.84424	0	0	0	0	0	0	0
3	64	B	1	-3.39988	0	0	0	0	0	0	0
3	64	A	2	6.64837	0	0	0	0	0	0	0
3	64	B	2	-4.62583	0	0	0	0	0	0	0
3	64	A	3	6.04985	0	0	0	0	0	0	0
3	64	B	3	-5.27625	0	0	0	0	0	0	0
3	64	A	4	5.64885	0	0	0	0	0	0	0
3	64	B	4	-5.64885	0	0	0	0	0	0	0
3	65	A	1	7.45501	0	0	0	0	0	0	0
3	65	B	1	-3.74003	0	0	0	0	0	0	0
3	65	A	2	7.94072	0	0	0	0	0	0	0
3	65	B	2	-3.15318	0	0	0	0	0	0	0
3	65	A	3	5.79499	0	0	0	0	0	0	0
3	65	B	3	-5.27431	0	0	0	0	0	0	0
3	65	A	4	5.53460	0	0	0	0	0	0	0
3	65	B	4	-5.53460	0	0	0	0	0	0	0
3	66	A	1	10.00580	0	0	0	0	0	0	0
3	66	B	1	-1.13511	0	0	0	0	0	0	0
3	66	A	2	9.64085	0	0	0	0	0	0	0
3	66	B	2	-1.50285	0	0	0	0	0	0	0
3	66	A	3	5.56290	0	0	0	0	0	0	0
3	66	B	3	-5.56290	0	0	0	0	0	0	0
3	66	A	4	5.57700	0	0	0	0	0	0	0
3	66	B	4	-5.57700	0	0	0	0	0	0	0
3	67	A	1	10.94080	0	0	0	0	0	0	0
3	67	B	1	-0.18497	0	0	0	0	0	0	0
3	67	A	2	8.21717	0	0	0	0	0	0	0
3	67	B	2	-3.13113	0	0	0	0	0	0	0
3	67	A	3	8.88840	0	0	0	0	0	0	0
3	67	B	3	-2.32570	0	0	0	0	0	0	0
3	67	A	4	5.66455	0	0	0	0	0	0	0
3	67	B	4	-5.66455	0	0	0	0	0	0	0
3	68	A	1	10.55400	0	0	0	0	0	0	0
3	68	B	1	-0.85921	0	0	0	0	0	0	0
3	68	A	2	11.14370	0	0	0	0	0	0	0
3	68	B	2	-0.05252	0	0	0	0	0	0	0
3	68	A	3	5.56470	0	0	0	0	0	0	0
3	68	B	3	-5.56470	0	0	0	0	0	0	0
3	68	A	4	5.58430	0	0	0	0	0	0	0
3	68	B	4	-5.58430	0	0	0	0	0	0	0
3	69	A	1	12.14750	0	0	0	0	0	0	0
3	69	B	1	0.72780	0	0	0	0	0	0	0
3	69	A	2	10.01460	0	0	0	0	0	0	0
3	69	B	2	-1.27896	0	0	0	0	0	0	0
3	69	A	3	10.89010	0	0	0	0	0	0	0
3	69	B	3	-0.37731	0	0	0	0	0	0	0
3	69	A	4	5.62325	0	0	0	0	0	0	0
3	69	B	4	-5.62325	0	0	0	0	0	0	0
3	70	A	1	11.75010	0	0	0	0	0	0	0
3	70	B	1	0.44877	0	0	0	0	0	0	0
3	70	A	2	8.82496	0	0	0	0	0	0	0
3	70	B	2	-2.46554	0	0	0	0	0	0	0
3	70	A	3	5.64470	0	0	0	0	0	0	0
3	70	B	3	-5.64470	0	0	0	0	0	0	0
3	70	A	4	5.72765	0	0	0	0	0	0	0
3	70	B	4	-5.72765	0	0	0	0	0	0	0
3	71	A	1	10.09030	0	0	0	0	0	0	0
3	71	B	1	-0.57729	0	0	0	0	0	0	0
3	71	A	2	5.75978	0	0	0	0	0	0	0
3	71	B	2	-5.02802	0	0	0	0	0	0	0
3	71	A	3	5.43605	0	0	0	0	0	0	0
3	71	B	3	-5.43605	0	0	0	0	0	0	0
3	71	A	4	5.41550	0	0	0	0	0	0	0
3	71	B	4	-5.41550	0	0	0	0	0	0	0
3	72	A	1	10.53540	0	0	0	0	0	0	0
3	72	B	1	-0.05185	0	0	0	0	0	0	0
3	72	A	2	8.57254	0	0	0	0	0	0	0
3	72	B	2	-2.11776	0	0	0	0	0	0	0
3	72	A	3	8.16309	0	0	0	0	0	0	0
3	72	B	3	-2.66541	0	0	0	0	0	0	0
3	72	A	4	5.39390	0	0	0	0	0	0	0
3	72	B	4	-5.39390	0	0	0	0	0	0	0
3	73	A	1	13.59400	0	0	0	0	0	0	0
3	73	B	1	4.51210	0	0	0	0	0	0	0
3	73	A	2	9.14306	0	0	0	0	0	0	0
3	73	B	2	0.04815	0	0	0	0	0	0	0
3	73	A	3	10.26660	0	0	0	0	0	0	0
3	73	B	3	1.21878	0	0	0	0	0	0	0
3	73	A	4	4.52050	0	0	0	0	0	0	0
3	73	B	4	-4.52050	0	0	0	0	0	0	0
3	74	A	1	12.56160	0	0	0	0	0	0	0
3	74	B	1	3.11641	0	0	0	0	0	0	0
3	74	A	2	14.68330	0	0	0	0	0	0	0
3	74	B	2	5.30989	0	0	0	0	0	0	0
3	74	A	3	4.22117	0	0	0	0	0	0	0
3	74	B	3	-5.26604	0	0	0	0	0	0	0
3	74	A	4	4.75276	0	0	0	0	0	0	0
3	74	B	4	-4.75276	0	0	0	0	0	0	0
3	75	A	1	10.10530	0	0	0	0	0	0	0
3	75	B	1	6.00790	0	0	0	0	0	0	0
3	75	A	2	12.14680	0	0	0	0	0	0	0
3	75	B	2	8.26454	0	0	0	0	0	0	0
3	75	A	3	6.89525	0	0	0	0	0	0	0
3	75	B	3	3.01915	0	0	0	0	0	0	0
3	75	A	4	2.00412	0	0	0	0	0	0	0
3	75	B	4	-2.00412	0	0	0	0	0	0	0
3	76	A	1	9.73342	0	0	0	0	0	0	0
3	76	B	1	5.50923	0	0	0	0	0	0	0
3	76	A	2	14.51090	0	0	0	0	0	0	0
3	76	B	2	10.31160	0	0	0	0	0	0	0
3	76	A	3	8.11007	0	0	0	0	0	0	0
3	76	B	3	3.84028	0	0	0	0	0	0	0
3	76	A	4	2.15736	0	0	0	0	0	0	0
3	76	B	4	-2.15736	0	0	0	0	0	0	0
3	77	A	1	10.75550	0	0	0	0	0	0	0
3	77	B	1	6.69070	0	0	0	0	0	0	0
3	77	A	2	14.38620	0	0	0	0	0	0	0
3	77	B	2	10.33630	0	0	0	0	0	0	0
3	77	A	3	9.89341	0	0	0	0	0	0	0
3	77	B	3	5.69648	0	0	0	0	0	0	0
3	77	A	4	1.99283	0	0	0	0	0	0	0
3	77	B	4	-1.99283	0	0	0	0	0	0	0
3	78	A	1	11.94150	0	0	0	0	0	0	0
3	78	B	1	7.79093	0	0	0	0	0	0	0
3	78	A	2	17.72400	0	0	0	0	0	0	0
3	78	B	2	13.74620	0	0	0	0	0	0	0
3	78	A	3	13.15370	0	0	0	0	0	0	0
3	78	B	3	9.18358	0	0	0	0	0	0	0
3	78	A	4	2.05177	0	0	0	0	0	0	0
3	78	B	4	-2.05177	0	0	0	0	0	0	0
3	79	A	1	13.33760	0	0	0	0	0	0	0
3	79	B	1	9.52909	0	0	0	0	0	0	0
3	79	A	2	15.02130	0	0	0	0	0	0	0
3	79	B	2	11.08520	0	0	0	0	0	0	0
3	79	A	3	10.64000	0	0	0	0	0	0	0
3	79	B	3	6.52111	0	0	0	0	0	0	0
3	79	A	4	2.04467	0	0	0	0	0	0	0
3	79	B	4	-2.04467	0	0	0	0	0	0	0
3	80	A	1	11.09390	0	0	0	0	0	0	0
3	80	B	1	7.28178	0	0	0	0	0	0	0
3	80	A	2	18.28970	0	0	0	0	0	0	0
3	80	B	2	14.35670	0	0	0	0	0	0	0
3	80	A	3	1.96273	0	0	0	0	0	0	0
3	80	B	3	-1.96273	0	0	0	0	0	0	0
3	80	A	4	2.01192	0	0	0	0	0	0	0
3	80	B	4	-2.01192	0	0	0	0	0	0	0
3	81	A	1	10.60290	0	0	0	0	0	0	0
3	81	B	1	6.57355	0	0	0	0	0	0	0
3	81	A	2	16.66630	0	0	0	0	0	0	0
3	81	B	2	12.60560	0	0	0	0	0	0	0
3	81	A	3	12.54290	0	0	0	0	0	0	0
3	81	B	3	8.41222	0	0	0	0	0	0	0
3	81	A	4	2.05762	0	0	0	0	0	0	0
3	81	B	4	-2.05762	0	0	0	0	0	0	0
3	82	A	1	10.86030	0	0	0	0	0	0	0
3	82	B	1	6.90611	0	0	0	0	0	0	0
3	82	A	2	15.44720	0	0	0	0	0	0	0
3	82	B	2	11.53720	0	0	0	0	0	0	0
3	82	A	3	1.97202	0	0	0	0	0	0	0
3	82	B	3	-1.97202	0	0	0	0	0	0	0
3	82	A	4	1.94219	0	0	0	0	0	0	0
3	82	B	4	-1.94219	0	0	0	0	0	0	0
3	83	A	1	7.92966	0	0	0	0	0	0	0
3	83	B	1	4.18845	0	0	0	0	0	0	0
3	83	A	2	13.33320	0	0	0	0	0	0	0
3	83	B	2	9.67973	0	0	0	0	0	0	0
3	83	A	3	4.55709	0	0	0	0	0	0	0
3	83	B	3	0.82486	0	0	0	0	0	0	0
3	83	A	4	1.88108	0	0	0	0	0	0	0
3	83	B	4	-1.88108	0	0	0	0	0	0	0
3	84	A	1	9.98173	0	0	0	0	0	0	0
3	84	B	1	5.93836	0	0	0	0	0	0	0
3	84	A	2	16.38570	0	0	0	0	0	0	0
3	84	B	2	12.45550	0	0	0	0	0	0	0
3	84	A	3	10.72970	0	0	0	0	0	0	0
3	84	B	3	6.76635	0	0	0	0	0	0	0
3	84	A	4	1.96717	0	0	0	0	0	0	0
3	84	B	4	-1.96717	0	0	0	0	0	0	0
3	85	A	1	10.60410	0	0	0	0	0	0	0
3	85	B	1	4.99301	0	0	0	0	0	0	0
3	85	A	2	15.50660	0	0	0	0	0	0	0
3	85	B	2	9.97026	0	0	0	0	0	0	0
3	85	A	3	6.76552	0	0	0	0	0	0	0
3	85	B	3	1.30933	0	0	0	0	0	0	0
3	85	A	4	2.77278	0	0	0	0	0	0	0
3	85	B	4	-2.77278	0	0	0	0	0	0	0
3	86	A	1	10.76130	0	0	0	0	0	0	0
3	86	B	1	5.31121	0	0	0	0	0	0	0
3	86	A	2	13.53250	0	0	0	0	0	0	0
3	86	B	2	7.79351	0	0	0	0	0	0	0
3	86	A	3	1.52740	0	0	0	0	0	0	0
3	86	B	3	-4.48585	0	0	0	0	0	0	0
3	86	A	4	2.97957	0	0	0	0	0	0	0
3	86	B	4	-2.97957	0	0	0	0	0	0	0
3	87	A	1	8.64037	0	0	0	0	0	0	0
3	87	B	1	2.48389	0	0	0	0	0	0	0
3	87	A	2	12.42620	0	0	0	0	0	0	0
3	87	B	2	6.42984	0	0	0	0	0	0	0
3	87	A	3	6.00529	0	0	0	0	0	0	0
3	87	B	3	-0.15955	0	0	0	0	0	0	0
3	87	A	4	3.03704	0	0	0	0	0	0	0
3	87	B	4	-3.03704	0	0	0	0	0	0	0
3	88	A	1	7.82265	0	0	0	0	0	0	0
3	88	B	1	2.40519	0	0	0	0	0	0	0
3	88	A	2	14.25420	0	0	0	0	0	0	0
3	88	B	2	8.78486	0	0	0	0	0	0	0
3	88	A	3	4.96249	0	0	0	0	0	0	0
3	88	B	3	-0.49345	0	0	0	0	0	0	0
3	88	A	4	2.73535	0	0	0	0	0	0	0
3	88	B	4	-2.73535	0	0	0	0	0	0	0
3	89	A	1	9.27309	0	0	0	0	0	0	0
3	89	B	1	4.05003	0	0	0	0	0	0	0
3	89	A	2	13.60710	0	0	0	0	0	0	0
3	89	B	2	8.00435	0	0	0	0	0	0	0
3	89	A	3	5.02554	0	0	0	0	0	0	0
3	89	B	3	-0.52044	0	0	0	0	0	0	0
3	89	A	4	2.75322	0	0	0	0	0	0	0
3	89	B	4	-2.75322	0	0	0	0	0	0	0
3	90	A	1	10.33330	0	0	0	0	0	0	0
3	90	B	1	4.67319	0	0	0	0	0	0	0
3	90	A	2	13.88230	0	0	0	0	0	0	0
3	90	B	2	8.32087	0	0	0	0	0	0	0
3	90	A	3	9.36264	0	0	0	0	0	0	0
3	90	B	3	3.65403	0	0	0	0	0	0	0
3	90	A	4	2.81764	0	0	0	0	0	0	0
3	90	B	4	-2.81764	0	0	0	0	0	0	0
3	91	A	1	12.62420	0	0	0	0	0	0	0
3	91	B	1	6.55220	0	0	0	0	0	0	0
3	91	A	2	12.62070	0	0	0	0	0	0	0
3	91	B	2	6.79237	0	0	0	0	0	0	0
3	91	A	3	7.88503	0	0	0	0	0	0	0
3	91	B	3	2.11219	0	0	0	0	0	0	0
3	91	A	4	2.88384	0	0	0	0	0	0	0
3	91	B	4	-2.88384	0	0	0	0	0	0	0
3	92	A	1	9.78346	0	0	0	0	0	0	0
3	92	B	1	4.12095	0	0	0	0	0	0	0
3	92	A	2	15.04370	0	0	0	0	0	0	0
3	92	B	2	9.31190	0	0	0	0	0	0	0
3	92	A	3	10.78830	0	0	0	0	0	0	0
3	92	B	3	5.12086	0	0	0	0	0	0	0
3	92	A	4	2.81066	0	0	0	0	0	0	0
3	92	B	4	-2.81066	0	0	0	0	0	0	0
3	93	A	1	9.29031	0	0	0	0	0	0	0
3	93	B	1	3.48915	0	0	0	0	0	0	0
3	93	A	2	12.77640	0	0	0	0	0	0	0
3	93	B	2	6.96583	0	0	0	0	0	0	0
3	93	A	3	10.96970	0	0	0	0	0	0	0
3	93	B	3	5.18681	0	0	0	0	0	0	0
3	93	A	4	2.87931	0	0	0	0	0	0	0
3	93	B	4	-2.87931	0	0	0	0	0	0	0
3	94	A	1	10.94640	0	0	0	0	0	0	0
3	94	B	1	5.42366	0	0	0	0	0	0	0
3	94	A	2	12.65450	0	0	0	0	0	0	0
3	94	B	2	4.79254	0	0	0	0	0	0	0
3	94	A	3	6.01635	0	0	0	0	0	0	0
3	94	B	3	0.25085	0	0	0	0	0	0	0
3	94	A	4	2.86360	0	0	0	0	0	0	0
3	94	B	4	-2.86360	0	0	0	0	0	0	0
3	95	A	1	6.68728	0	0	0	0	0	0	0
3	95	B	1	0.78335	0	0	0	0	0	0	0
3	95	A	2	8.30464	0	0	0	0	0	0	0
3	95	B	2	2.49250	0	0	0	0	0	0	0
3	95	A	3	7.56813	0	0	0	0	0	0	0
3	95	B	3	1.51687	0	0	0	0	0	0	0
3	95	A	4	16.89850	0	0	0	0	0	0	0
3	95	B	4	10.90420	0	0	0	0	0	0	0
3	96	A	1	8.88161	0	0	0	0	0	0	0
3	96	B	1	3.21019	0	0	0	0	0	0	0
3	96	A	2	11.80360	0	0	0	0	0	0	0
3	96	B	2	6.02161	0	0	0	0	0	0	0
3	96	A	3	8.80471	0	0	0	0	0	0	0
3	96	B	3	2.95725	0	0	0	0	0	0	0
3	96	A	4	17.98770	0	0	0	0	0	0	0
3	96	B	4	12.16570	0	0	0	0	0	0	0
