1	1	A	1	12.2352	0.0000902262	0	0	0	0	0	0
1	1	B	1	12.2352	0.0000902262	0	0	0	0	0	0
1	1	A	2	11.6232	0.0000954811	0	0	0	0	0	0
1	1	B	2	11.6232	0.0000954811	0	0	0	0	0	0
1	1	A	3	11.3185	0.0001057550	0	0	0	0	0	0
1	1	B	3	11.3185	0.0001057550	0	0	0	0	0	0
1	1	A	4	11.0903	0.0001290910	0	0	0	0	0	0
1	1	B	4	11.0903	0.0001290910	0	0	0	0	0	0
1	2	A	1	12.1700	0.0000858912	0	0	0	0	0	0
1	2	B	1	12.1700	0.0000858912	0	0	0	0	0	0
1	2	A	2	11.5097	0.0000951995	0	0	0	0	0	0
1	2	B	2	11.5097	0.0000951995	0	0	0	0	0	0
1	2	A	3	11.6363	0.0001042020	0	0	0	0	0	0
1	2	B	3	11.6363	0.0001042020	0	0	0	0	0	0
1	2	A	4	11.3155	0.0001299510	0	0	0	0	0	0
1	2	B	4	11.3155	0.0001299510	0	0	0	0	0	0
1	3	A	1	12.2036	0.0000868187	0	0	0	0	0	0
1	3	B	1	12.2036	0.0000868187	0	0	0	0	0	0
1	3	A	2	11.5513	0.0000880981	0	0	0	0	0	0
1	3	B	2	11.5513	0.0000880981	0	0	0	0	0	0
1	3	A	3	11.2783	0.0001046210	0	0	0	0	0	0
1	3	B	3	11.2783	0.0001046210	0	0	0	0	0	0
1	3	A	4	11.0777	0.0001246410	0	0	0	0	0	0
1	3	B	4	11.0777	0.0001246410	0	0	0	0	0	0
1	4	A	1	12.3565	0.0001166880	0	0	0	0	0	0
1	4	B	1	12.3565	0.0001166880	0	0	0	0	0	0
1	4	A	2	11.7383	0.0001258740	0	0	0	0	0	0
1	4	B	2	11.7383	0.0001258740	0	0	0	0	0	0
1	4	A	3	11.5894	0.0001320890	0	0	0	0	0	0
1	4	B	3	11.5894	0.0001320890	0	0	0	0	0	0
1	4	A	4	11.2562	0.0001667760	0	0	0	0	0	0
1	4	B	4	11.2562	0.0001667760	0	0	0	0	0	0
1	5	A	1	12.2554	0.0000972442	0	0	0	0	0	0
1	5	B	1	12.2554	0.0000972442	0	0	0	0	0	0
1	5	A	2	11.6672	0.0001062450	0	0	0	0	0	0
1	5	B	2	11.6672	0.0001062450	0	0	0	0	0	0
1	5	A	3	11.3523	0.0001180720	0	0	0	0	0	0
1	5	B	3	11.3523	0.0001180720	0	0	0	0	0	0
1	5	A	4	11.3729	0.0001344360	0	0	0	0	0	0
1	5	B	4	11.3729	0.0001344360	0	0	0	0	0	0
1	6	A	1	11.7688	0.0000916945	0	0	0	0	0	0
1	6	B	1	11.7688	0.0000916945	0	0	0	0	0	0
1	6	A	2	11.2993	0.0001111920	0	0	0	0	0	0
1	6	B	2	11.2993	0.0001111920	0	0	0	0	0	0
1	6	A	3	11.1904	0.0001279240	0	0	0	0	0	0
1	6	B	3	11.1904	0.0001279240	0	0	0	0	0	0
1	6	A	4	11.1540	0.0001469330	0	0	0	0	0	0
1	6	B	4	11.1540	0.0001469330	0	0	0	0	0	0
1	7	A	1	12.1854	0.0000914754	0	0	0	0	0	0
1	7	B	1	12.1854	0.0000914754	0	0	0	0	0	0
1	7	A	2	11.6151	0.0000965822	0	0	0	0	0	0
1	7	B	2	11.6151	0.0000965822	0	0	0	0	0	0
1	7	A	3	11.2749	0.0001116650	0	0	0	0	0	0
1	7	B	3	11.2749	0.0001116650	0	0	0	0	0	0
1	7	A	4	11.2543	0.0001322620	0	0	0	0	0	0
1	7	B	4	11.2543	0.0001322620	0	0	0	0	0	0
1	8	A	1	12.1675	0.0000985360	0	0	0	0	0	0
1	8	B	1	12.1675	0.0000985360	0	0	0	0	0	0
1	8	A	2	11.6195	0.0001002230	0	0	0	0	0	0
1	8	B	2	11.6195	0.0001002230	0	0	0	0	0	0
1	8	A	3	11.3182	0.0001107440	0	0	0	0	0	0
1	8	B	3	11.3182	0.0001107440	0	0	0	0	0	0
1	8	A	4	11.2396	0.0001342420	0	0	0	0	0	0
1	8	B	4	11.2396	0.0001342420	0	0	0	0	0	0
1	9	A	1	12.0451	0.0001041020	0	0	0	0	0	0
1	9	B	1	12.0451	0.0001041020	0	0	0	0	0	0
1	9	A	2	11.4057	0.0001072400	0	0	0	0	0	0
1	9	B	2	11.4057	0.0001072400	0	0	0	0	0	0
1	9	A	3	11.3022	0.0001302660	0	0	0	0	0	0
1	9	B	3	11.3022	0.0001302660	0	0	0	0	0	0
1	9	A	4	11.2777	0.0001513880	0	0	0	0	0	0
1	9	B	4	11.2777	0.0001513880	0	0	0	0	0	0
1	10	A	1	12.0649	0.0001182970	0	0	0	0	0	0
1	10	B	1	12.0649	0.0001182970	0	0	0	0	0	0
1	10	A	2	11.4845	0.0001201950	0	0	0	0	0	0
1	10	B	2	11.4845	0.0001201950	0	0	0	0	0	0
1	10	A	3	11.3326	0.0001453650	0	0	0	0	0	0
1	10	B	3	11.3326	0.0001453650	0	0	0	0	0	0
1	10	A	4	11.3497	0.0001684370	0	0	0	0	0	0
1	10	B	4	11.3497	0.0001684370	0	0	0	0	0	0
1	11	A	1	12.0556	0.0000933015	0	0	0	0	0	0
1	11	B	1	12.0556	0.0000933015	0	0	0	0	0	0
1	11	A	2	11.3677	0.0001022840	0	0	0	0	0	0
1	11	B	2	11.3677	0.0001022840	0	0	0	0	0	0
1	11	A	3	11.0947	0.0001081940	0	0	0	0	0	0
1	11	B	3	11.0947	0.0001081940	0	0	0	0	0	0
1	11	A	4	11.0239	0.0001302470	0	0	0	0	0	0
1	11	B	4	11.0239	0.0001302470	0	0	0	0	0	0
1	12	A	1	12.2813	0.0001018580	0	0	0	0	0	0
1	12	B	1	12.2813	0.0001018580	0	0	0	0	0	0
1	12	A	2	11.6092	0.0001031030	0	0	0	0	0	0
1	12	B	2	11.6092	0.0001031030	0	0	0	0	0	0
1	12	A	3	11.4569	0.0001248970	0	0	0	0	0	0
1	12	B	3	11.4569	0.0001248970	0	0	0	0	0	0
1	12	A	4	11.3454	0.0001476450	0	0	0	0	0	0
1	12	B	4	11.3454	0.0001476450	0	0	0	0	0	0
1	13	A	1	12.6181	0.0000913319	0	0	0	0	0	0
1	13	B	1	12.6181	0.0000913319	0	0	0	0	0	0
1	13	A	2	11.9147	0.0000946542	0	0	0	0	0	0
1	13	B	2	11.9147	0.0000946542	0	0	0	0	0	0
1	13	A	3	11.8914	0.0001041040	0	0	0	0	0	0
1	13	B	3	11.8914	0.0001041040	0	0	0	0	0	0
1	13	A	4	11.6322	0.0001228990	0	0	0	0	0	0
1	13	B	4	11.6322	0.0001228990	0	0	0	0	0	0
1	14	A	1	12.2994	0.0000759848	0	0	0	0	0	0
1	14	B	1	12.2994	0.0000759848	0	0	0	0	0	0
1	14	A	2	11.6288	0.0000874166	0	0	0	0	0	0
1	14	B	2	11.6288	0.0000874166	0	0	0	0	0	0
1	14	A	3	11.9059	0.0000949340	0	0	0	0	0	0
1	14	B	3	11.9059	0.0000949340	0	0	0	0	0	0
1	14	A	4	11.5478	0.0001160450	0	0	0	0	0	0
1	14	B	4	11.5478	0.0001160450	0	0	0	0	0	0
1	15	A	1	12.6935	0.0000848857	0	0	0	0	0	0
1	15	B	1	12.6935	0.0000848857	0	0	0	0	0	0
1	15	A	2	11.9780	0.0000942607	0	0	0	0	0	0
1	15	B	2	11.9780	0.0000942607	0	0	0	0	0	0
1	15	A	3	11.9127	0.0000964050	0	0	0	0	0	0
1	15	B	3	11.9127	0.0000964050	0	0	0	0	0	0
1	15	A	4	11.6991	0.0001139660	0	0	0	0	0	0
1	15	B	4	11.6991	0.0001139660	0	0	0	0	0	0
1	16	A	1	12.4565	0.0001202610	0	0	0	0	0	0
1	16	B	1	12.4565	0.0001202610	0	0	0	0	0	0
1	16	A	2	11.6013	0.0001089030	0	0	0	0	0	0
1	16	B	2	11.6013	0.0001089030	0	0	0	0	0	0
1	16	A	3	11.7848	0.0001169780	0	0	0	0	0	0
1	16	B	3	11.7848	0.0001169780	0	0	0	0	0	0
1	16	A	4	11.3996	0.0001382570	0	0	0	0	0	0
1	16	B	4	11.3996	0.0001382570	0	0	0	0	0	0
1	17	A	1	12.4684	0.0000851601	0	0	0	0	0	0
1	17	B	1	12.4684	0.0000851601	0	0	0	0	0	0
1	17	A	2	11.9590	0.0000926707	0	0	0	0	0	0
1	17	B	2	11.9590	0.0000926707	0	0	0	0	0	0
1	17	A	3	11.6943	0.0001037380	0	0	0	0	0	0
1	17	B	3	11.6943	0.0001037380	0	0	0	0	0	0
1	17	A	4	11.6055	0.0001196760	0	0	0	0	0	0
1	17	B	4	11.6055	0.0001196760	0	0	0	0	0	0
1	18	A	1	12.3203	0.0000830681	0	0	0	0	0	0
1	18	B	1	12.3203	0.0000830681	0	0	0	0	0	0
1	18	A	2	11.8059	0.0000946077	0	0	0	0	0	0
1	18	B	2	11.8059	0.0000946077	0	0	0	0	0	0
1	18	A	3	11.7009	0.0001055390	0	0	0	0	0	0
1	18	B	3	11.7009	0.0001055390	0	0	0	0	0	0
1	18	A	4	11.5747	0.0001218360	0	0	0	0	0	0
1	18	B	4	11.5747	0.0001218360	0	0	0	0	0	0
1	19	A	1	11.9174	0.0000796896	0	0	0	0	0	0
1	19	B	1	11.9174	0.0000796896	0	0	0	0	0	0
1	19	A	2	11.3538	0.0000922193	0	0	0	0	0	0
1	19	B	2	11.3538	0.0000922193	0	0	0	0	0	0
1	19	A	3	11.1760	0.0001008550	0	0	0	0	0	0
1	19	B	3	11.1760	0.0001008550	0	0	0	0	0	0
1	19	A	4	11.0264	0.0001183620	0	0	0	0	0	0
1	19	B	4	11.0264	0.0001183620	0	0	0	0	0	0
1	20	A	1	11.9578	0.0000872686	0	0	0	0	0	0
1	20	B	1	11.9578	0.0000872686	0	0	0	0	0	0
1	20	A	2	11.3298	0.0000910751	0	0	0	0	0	0
1	20	B	2	11.3298	0.0000910751	0	0	0	0	0	0
1	20	A	3	11.3086	0.0001030640	0	0	0	0	0	0
1	20	B	3	11.3086	0.0001030640	0	0	0	0	0	0
1	20	A	4	11.1494	0.0001222130	0	0	0	0	0	0
1	20	B	4	11.1494	0.0001222130	0	0	0	0	0	0
1	21	A	1	12.2298	0.0000980431	0	0	0	0	0	0
1	21	B	1	12.2298	0.0000980431	0	0	0	0	0	0
1	21	A	2	11.6502	0.0001142410	0	0	0	0	0	0
1	21	B	2	11.6502	0.0001142410	0	0	0	0	0	0
1	21	A	3	11.4932	0.0001146260	0	0	0	0	0	0
1	21	B	3	11.4932	0.0001146260	0	0	0	0	0	0
1	21	A	4	11.3507	0.0001344220	0	0	0	0	0	0
1	21	B	4	11.3507	0.0001344220	0	0	0	0	0	0
1	22	A	1	12.4384	0.0001271200	0	0	0	0	0	0
1	22	B	1	12.4384	0.0001271200	0	0	0	0	0	0
1	22	A	2	11.9203	0.0001370140	0	0	0	0	0	0
1	22	B	2	11.9203	0.0001370140	0	0	0	0	0	0
1	22	A	3	11.7720	0.0001563180	0	0	0	0	0	0
1	22	B	3	11.7720	0.0001563180	0	0	0	0	0	0
1	22	A	4	11.5182	0.0001775840	0	0	0	0	0	0
1	22	B	4	11.5182	0.0001775840	0	0	0	0	0	0
1	23	A	1	12.4797	0.0000950872	0	0	0	0	0	0
1	23	B	1	12.4797	0.0000950872	0	0	0	0	0	0
1	23	A	2	11.8277	0.0001057090	0	0	0	0	0	0
1	23	B	2	11.8277	0.0001057090	0	0	0	0	0	0
1	23	A	3	11.5896	0.0001095140	0	0	0	0	0	0
1	23	B	3	11.5896	0.0001095140	0	0	0	0	0	0
1	23	A	4	11.4112	0.0001242420	0	0	0	0	0	0
1	23	B	4	11.4112	0.0001242420	0	0	0	0	0	0
1	24	A	1	12.3880	0.0000913063	0	0	0	0	0	0
1	24	B	1	12.3880	0.0000913063	0	0	0	0	0	0
1	24	A	2	11.6510	0.0001014090	0	0	0	0	0	0
1	24	B	2	11.6510	0.0001014090	0	0	0	0	0	0
1	24	A	3	11.5129	0.0001090490	0	0	0	0	0	0
1	24	B	3	11.5129	0.0001090490	0	0	0	0	0	0
1	24	A	4	11.3617	0.0001264970	0	0	0	0	0	0
1	24	B	4	11.3617	0.0001264970	0	0	0	0	0	0
1	25	A	1	12.2254	0.0000805150	0	0	0	0	0	0
1	25	B	1	12.2254	0.0000805150	0	0	0	0	0	0
1	25	A	2	11.6043	0.0000886622	0	0	0	0	0	0
1	25	B	2	11.6043	0.0000886622	0	0	0	0	0	0
1	25	A	3	11.4033	0.0000977530	0	0	0	0	0	0
1	25	B	3	11.4033	0.0000977530	0	0	0	0	0	0
1	25	A	4	11.2383	0.0001161670	0	0	0	0	0	0
1	25	B	4	11.2383	0.0001161670	0	0	0	0	0	0
1	26	A	1	12.1677	0.0000867785	0	0	0	0	0	0
1	26	B	1	12.1677	0.0000867785	0	0	0	0	0	0
1	26	A	2	11.6359	0.0001029740	0	0	0	0	0	0
1	26	B	2	11.6359	0.0001029740	0	0	0	0	0	0
1	26	A	3	11.8399	0.0001068580	0	0	0	0	0	0
1	26	B	3	11.8399	0.0001068580	0	0	0	0	0	0
1	26	A	4	11.5678	0.0001323370	0	0	0	0	0	0
1	26	B	4	11.5678	0.0001323370	0	0	0	0	0	0
1	27	A	1	12.1572	0.0000825613	0	0	0	0	0	0
1	27	B	1	12.1572	0.0000825613	0	0	0	0	0	0
1	27	A	2	11.5452	0.0000875018	0	0	0	0	0	0
1	27	B	2	11.5452	0.0000875018	0	0	0	0	0	0
1	27	A	3	11.3301	0.0000958060	0	0	0	0	0	0
1	27	B	3	11.3301	0.0000958060	0	0	0	0	0	0
1	27	A	4	11.2464	0.0001169160	0	0	0	0	0	0
1	27	B	4	11.2464	0.0001169160	0	0	0	0	0	0
1	28	A	1	12.1562	0.0001192160	0	0	0	0	0	0
1	28	B	1	12.1562	0.0001192160	0	0	0	0	0	0
1	28	A	2	11.4232	0.0001307480	0	0	0	0	0	0
1	28	B	2	11.4232	0.0001307480	0	0	0	0	0	0
1	28	A	3	11.4563	0.0001451660	0	0	0	0	0	0
1	28	B	3	11.4563	0.0001451660	0	0	0	0	0	0
1	28	A	4	11.3853	0.0001624460	0	0	0	0	0	0
1	28	B	4	11.3853	0.0001624460	0	0	0	0	0	0
1	29	A	1	11.9667	0.0000848733	0	0	0	0	0	0
1	29	B	1	11.9667	0.0000848733	0	0	0	0	0	0
1	29	A	2	11.3155	0.0001008820	0	0	0	0	0	0
1	29	B	2	11.3155	0.0001008820	0	0	0	0	0	0
1	29	A	3	11.1411	0.0001138780	0	0	0	0	0	0
1	29	B	3	11.1411	0.0001138780	0	0	0	0	0	0
1	29	A	4	11.1524	0.0001248770	0	0	0	0	0	0
1	29	B	4	11.1524	0.0001248770	0	0	0	0	0	0
1	30	A	1	11.9611	0.0000801966	0	0	0	0	0	0
1	30	B	1	11.9611	0.0000801966	0	0	0	0	0	0
1	30	A	2	11.3369	0.0000942956	0	0	0	0	0	0
1	30	B	2	11.3369	0.0000942956	0	0	0	0	0	0
1	30	A	3	11.2294	0.0001059720	0	0	0	0	0	0
1	30	B	3	11.2294	0.0001059720	0	0	0	0	0	0
1	30	A	4	11.1567	0.0001205710	0	0	0	0	0	0
1	30	B	4	11.1567	0.0001205710	0	0	0	0	0	0
1	31	A	1	11.8325	0.0000807664	0	0	0	0	0	0
1	31	B	1	11.8325	0.0000807664	0	0	0	0	0	0
1	31	A	2	11.2038	0.0000942130	0	0	0	0	0	0
1	31	B	2	11.2038	0.0000942130	0	0	0	0	0	0
1	31	A	3	10.9348	0.0001016850	0	0	0	0	0	0
1	31	B	3	10.9348	0.0001016850	0	0	0	0	0	0
1	31	A	4	10.9151	0.0001206130	0	0	0	0	0	0
1	31	B	4	10.9151	0.0001206130	0	0	0	0	0	0
1	32	A	1	11.9106	0.0000870899	0	0	0	0	0	0
1	32	B	1	11.9106	0.0000870899	0	0	0	0	0	0
1	32	A	2	11.2910	0.0000924782	0	0	0	0	0	0
1	32	B	2	11.2910	0.0000924782	0	0	0	0	0	0
1	32	A	3	11.1987	0.0001103930	0	0	0	0	0	0
1	32	B	3	11.1987	0.0001103930	0	0	0	0	0	0
1	32	A	4	11.0949	0.0001228590	0	0	0	0	0	0
1	32	B	4	11.0949	0.0001228590	0	0	0	0	0	0
1	33	A	1	11.7198	0.0000948238	0	0	0	0	0	0
1	33	B	1	11.7198	0.0000948238	0	0	0	0	0	0
1	33	A	2	11.2996	0.0001064880	0	0	0	0	0	0
1	33	B	2	11.2996	0.0001064880	0	0	0	0	0	0
1	33	A	3	11.1526	0.0001167980	0	0	0	0	0	0
1	33	B	3	11.1526	0.0001167980	0	0	0	0	0	0
1	33	A	4	11.0238	0.0001380860	0	0	0	0	0	0
1	33	B	4	11.0238	0.0001380860	0	0	0	0	0	0
1	34	A	1	12.4611	0.0001339480	0	0	0	0	0	0
1	34	B	1	12.4611	0.0001339480	0	0	0	0	0	0
1	34	A	2	11.8418	0.0001522710	0	0	0	0	0	0
1	34	B	2	11.8418	0.0001522710	0	0	0	0	0	0
1	34	A	3	11.6914	0.0001647450	0	0	0	0	0	0
1	34	B	3	11.6914	0.0001647450	0	0	0	0	0	0
1	34	A	4	11.5921	0.0001846350	0	0	0	0	0	0
1	34	B	4	11.5921	0.0001846350	0	0	0	0	0	0
1	35	A	1	12.2254	0.0000864108	0	0	0	0	0	0
1	35	B	1	12.2254	0.0000864108	0	0	0	0	0	0
1	35	A	2	11.6637	0.0000901938	0	0	0	0	0	0
1	35	B	2	11.6637	0.0000901938	0	0	0	0	0	0
1	35	A	3	11.3844	0.0000991900	0	0	0	0	0	0
1	35	B	3	11.3844	0.0000991900	0	0	0	0	0	0
1	35	A	4	11.2464	0.0001193220	0	0	0	0	0	0
1	35	B	4	11.2464	0.0001193220	0	0	0	0	0	0
1	36	A	1	12.1311	0.0000904783	0	0	0	0	0	0
1	36	B	1	12.1311	0.0000904783	0	0	0	0	0	0
1	36	A	2	11.4413	0.0001047120	0	0	0	0	0	0
1	36	B	2	11.4413	0.0001047120	0	0	0	0	0	0
1	36	A	3	11.4179	0.0001147130	0	0	0	0	0	0
1	36	B	3	11.4179	0.0001147130	0	0	0	0	0	0
1	36	A	4	11.2713	0.0001273780	0	0	0	0	0	0
1	36	B	4	11.2713	0.0001273780	0	0	0	0	0	0
1	37	A	1	12.3744	0.0000861294	0	0	0	0	0	0
1	37	B	1	12.3744	0.0000861294	0	0	0	0	0	0
1	37	A	2	11.6470	0.0000914971	0	0	0	0	0	0
1	37	B	2	11.6470	0.0000914971	0	0	0	0	0	0
1	37	A	3	11.4775	0.0001000090	0	0	0	0	0	0
1	37	B	3	11.4775	0.0001000090	0	0	0	0	0	0
1	37	A	4	11.2595	0.0001178510	0	0	0	0	0	0
1	37	B	4	11.2595	0.0001178510	0	0	0	0	0	0
1	38	A	1	12.1855	0.0000839428	0	0	0	0	0	0
1	38	B	1	12.1855	0.0000839428	0	0	0	0	0	0
1	38	A	2	11.5369	0.0001006640	0	0	0	0	0	0
1	38	B	2	11.5369	0.0001006640	0	0	0	0	0	0
1	38	A	3	11.8972	0.0001049720	0	0	0	0	0	0
1	38	B	3	11.8972	0.0001049720	0	0	0	0	0	0
1	38	A	4	11.5654	0.0001216690	0	0	0	0	0	0
1	38	B	4	11.5654	0.0001216690	0	0	0	0	0	0
1	39	A	1	12.4769	0.0000791310	0	0	0	0	0	0
1	39	B	1	12.4769	0.0000791310	0	0	0	0	0	0
1	39	A	2	11.8007	0.0000839732	0	0	0	0	0	0
1	39	B	2	11.8007	0.0000839732	0	0	0	0	0	0
1	39	A	3	11.6930	0.0000958470	0	0	0	0	0	0
1	39	B	3	11.6930	0.0000958470	0	0	0	0	0	0
1	39	A	4	11.5276	0.0001134510	0	0	0	0	0	0
1	39	B	4	11.5276	0.0001134510	0	0	0	0	0	0
1	40	A	1	12.3870	0.0001200690	0	0	0	0	0	0
1	40	B	1	12.3870	0.0001200690	0	0	0	0	0	0
1	40	A	2	11.4852	0.0001164100	0	0	0	0	0	0
1	40	B	2	11.4852	0.0001164100	0	0	0	0	0	0
1	40	A	3	11.5405	0.0001306320	0	0	0	0	0	0
1	40	B	3	11.5405	0.0001306320	0	0	0	0	0	0
1	40	A	4	11.2698	0.0001590600	0	0	0	0	0	0
1	40	B	4	11.2698	0.0001590600	0	0	0	0	0	0
1	41	A	1	12.1258	0.0000891268	0	0	0	0	0	0
1	41	B	1	12.1258	0.0000891268	0	0	0	0	0	0
1	41	A	2	11.5675	0.0000942630	0	0	0	0	0	0
1	41	B	2	11.5675	0.0000942630	0	0	0	0	0	0
1	41	A	3	11.4685	0.0001106180	0	0	0	0	0	0
1	41	B	3	11.4685	0.0001106180	0	0	0	0	0	0
1	41	A	4	11.3684	0.0001281370	0	0	0	0	0	0
1	41	B	4	11.3684	0.0001281370	0	0	0	0	0	0
1	42	A	1	12.4619	0.0000876529	0	0	0	0	0	0
1	42	B	1	12.4619	0.0000876529	0	0	0	0	0	0
1	42	A	2	11.9951	0.0000990657	0	0	0	0	0	0
1	42	B	2	11.9951	0.0000990657	0	0	0	0	0	0
1	42	A	3	11.9614	0.0001127260	0	0	0	0	0	0
1	42	B	3	11.9614	0.0001127260	0	0	0	0	0	0
1	42	A	4	11.8419	0.0001235300	0	0	0	0	0	0
1	42	B	4	11.8419	0.0001235300	0	0	0	0	0	0
1	43	A	1	11.9186	0.0000816815	0	0	0	0	0	0
1	43	B	1	11.9186	0.0000816815	0	0	0	0	0	0
1	43	A	2	11.3250	0.0000922281	0	0	0	0	0	0
1	43	B	2	11.3250	0.0000922281	0	0	0	0	0	0
1	43	A	3	11.2290	0.0001093840	0	0	0	0	0	0
1	43	B	3	11.2290	0.0001093840	0	0	0	0	0	0
1	43	A	4	11.1076	0.0001209620	0	0	0	0	0	0
1	43	B	4	11.1076	0.0001209620	0	0	0	0	0	0
1	44	A	1	12.0002	0.0000857815	0	0	0	0	0	0
1	44	B	1	12.0002	0.0000857815	0	0	0	0	0	0
1	44	A	2	11.4520	0.0000921212	0	0	0	0	0	0
1	44	B	2	11.4520	0.0000921212	0	0	0	0	0	0
1	44	A	3	11.4525	0.0001105690	0	0	0	0	0	0
1	44	B	3	11.4525	0.0001105690	0	0	0	0	0	0
1	44	A	4	11.3765	0.0001278790	0	0	0	0	0	0
1	44	B	4	11.3765	0.0001278790	0	0	0	0	0	0
1	45	A	1	12.0069	0.0000839486	0	0	0	0	0	0
1	45	B	1	12.0069	0.0000839486	0	0	0	0	0	0
1	45	A	2	11.3281	0.0000902772	0	0	0	0	0	0
1	45	B	2	11.3281	0.0000902772	0	0	0	0	0	0
1	45	A	3	11.3230	0.0001048880	0	0	0	0	0	0
1	45	B	3	11.3230	0.0001048880	0	0	0	0	0	0
1	45	A	4	11.1644	0.0001248260	0	0	0	0	0	0
1	45	B	4	11.1644	0.0001248260	0	0	0	0	0	0
1	46	A	1	12.3794	0.0001107220	0	0	0	0	0	0
1	46	B	1	12.3794	0.0001107220	0	0	0	0	0	0
1	46	A	2	11.6484	0.0001209400	0	0	0	0	0	0
1	46	B	2	11.6484	0.0001209400	0	0	0	0	0	0
1	46	A	3	11.7304	0.0001362010	0	0	0	0	0	0
1	46	B	3	11.7304	0.0001362010	0	0	0	0	0	0
1	46	A	4	11.5294	0.0001605620	0	0	0	0	0	0
1	46	B	4	11.5294	0.0001605620	0	0	0	0	0	0
1	47	A	1	12.4108	0.0000922576	0	0	0	0	0	0
1	47	B	1	12.4108	0.0000922576	0	0	0	0	0	0
1	47	A	2	11.7828	0.0001051070	0	0	0	0	0	0
1	47	B	2	11.7828	0.0001051070	0	0	0	0	0	0
1	47	A	3	11.7775	0.0001190470	0	0	0	0	0	0
1	47	B	3	11.7775	0.0001190470	0	0	0	0	0	0
1	47	A	4	11.5753	0.0001393290	0	0	0	0	0	0
1	47	B	4	11.5753	0.0001393290	0	0	0	0	0	0
1	48	A	1	12.5928	0.0000916284	0	0	0	0	0	0
1	48	B	1	12.5928	0.0000916284	0	0	0	0	0	0
1	48	A	2	11.8941	0.0001021750	0	0	0	0	0	0
1	48	B	2	11.8941	0.0001021750	0	0	0	0	0	0
1	48	A	3	11.8516	0.0001140950	0	0	0	0	0	0
1	48	B	3	11.8516	0.0001140950	0	0	0	0	0	0
1	48	A	4	11.7690	0.0001349970	0	0	0	0	0	0
1	48	B	4	11.7690	0.0001349970	0	0	0	0	0	0
2	1	A	1	12.1985	0.0000849459	0	0	0	0	0	0
2	1	B	1	12.1985	0.0000849459	0	0	0	0	0	0
2	1	A	2	11.5970	0.0000900616	0	0	0	0	0	0
2	1	B	2	11.5970	0.0000900616	0	0	0	0	0	0
2	1	A	3	11.4527	0.0001034830	0	0	0	0	0	0
2	1	B	3	11.4527	0.0001034830	0	0	0	0	0	0
2	1	A	4	11.2322	0.0001234530	0	0	0	0	0	0
2	1	B	4	11.2322	0.0001234530	0	0	0	0	0	0
2	2	A	1	12.5027	0.0000843667	0	0	0	0	0	0
2	2	B	1	12.5027	0.0000843667	0	0	0	0	0	0
2	2	A	2	11.9124	0.0000944028	0	0	0	0	0	0
2	2	B	2	11.9124	0.0000944028	0	0	0	0	0	0
2	2	A	3	12.1409	0.0001082790	0	0	0	0	0	0
2	2	B	3	12.1409	0.0001082790	0	0	0	0	0	0
2	2	A	4	11.8349	0.0001252130	0	0	0	0	0	0
2	2	B	4	11.8349	0.0001252130	0	0	0	0	0	0
2	3	A	1	12.2571	0.0000864722	0	0	0	0	0	0
2	3	B	1	12.2571	0.0000864722	0	0	0	0	0	0
2	3	A	2	11.6388	0.0000922863	0	0	0	0	0	0
2	3	B	2	11.6388	0.0000922863	0	0	0	0	0	0
2	3	A	3	11.5034	0.0001056200	0	0	0	0	0	0
2	3	B	3	11.5034	0.0001056200	0	0	0	0	0	0
2	3	A	4	11.3041	0.0001259100	0	0	0	0	0	0
2	3	B	4	11.3041	0.0001259100	0	0	0	0	0	0
2	4	A	1	12.4932	0.0000970502	0	0	0	0	0	0
2	4	B	1	12.4932	0.0000970502	0	0	0	0	0	0
2	4	A	2	11.8523	0.0001024960	0	0	0	0	0	0
2	4	B	2	11.8523	0.0001024960	0	0	0	0	0	0
2	4	A	3	11.7573	0.0001119490	0	0	0	0	0	0
2	4	B	3	11.7573	0.0001119490	0	0	0	0	0	0
2	4	A	4	11.5385	0.0001377040	0	0	0	0	0	0
2	4	B	4	11.5385	0.0001377040	0	0	0	0	0	0
2	5	A	1	12.0606	0.0000832091	0	0	0	0	0	0
2	5	B	1	12.0606	0.0000832091	0	0	0	0	0	0
2	5	A	2	11.4984	0.0000926679	0	0	0	0	0	0
2	5	B	2	11.4984	0.0000926679	0	0	0	0	0	0
2	5	A	3	11.3861	0.0001089580	0	0	0	0	0	0
2	5	B	3	11.3861	0.0001089580	0	0	0	0	0	0
2	5	A	4	11.3962	0.0001311150	0	0	0	0	0	0
2	5	B	4	11.3962	0.0001311150	0	0	0	0	0	0
2	6	A	1	12.1234	0.0000839438	0	0	0	0	0	0
2	6	B	1	12.1234	0.0000839438	0	0	0	0	0	0
2	6	A	2	11.5913	0.0000943467	0	0	0	0	0	0
2	6	B	2	11.5913	0.0000943467	0	0	0	0	0	0
2	6	A	3	11.5729	0.0001161180	0	0	0	0	0	0
2	6	B	3	11.5729	0.0001161180	0	0	0	0	0	0
2	6	A	4	11.5600	0.0001294910	0	0	0	0	0	0
2	6	B	4	11.5600	0.0001294910	0	0	0	0	0	0
2	7	A	1	11.9975	0.0000809605	0	0	0	0	0	0
2	7	B	1	11.9975	0.0000809605	0	0	0	0	0	0
2	7	A	2	11.4286	0.0000912627	0	0	0	0	0	0
2	7	B	2	11.4286	0.0000912627	0	0	0	0	0	0
2	7	A	3	11.0933	0.0001008060	0	0	0	0	0	0
2	7	B	3	11.0933	0.0001008060	0	0	0	0	0	0
2	7	A	4	11.0794	0.0001188120	0	0	0	0	0	0
2	7	B	4	11.0794	0.0001188120	0	0	0	0	0	0
2	8	A	1	11.9716	0.0000848385	0	0	0	0	0	0
2	8	B	1	11.9716	0.0000848385	0	0	0	0	0	0
2	8	A	2	11.4287	0.0000933431	0	0	0	0	0	0
2	8	B	2	11.4287	0.0000933431	0	0	0	0	0	0
2	8	A	3	11.3601	0.0001080740	0	0	0	0	0	0
2	8	B	3	11.3601	0.0001080740	0	0	0	0	0	0
2	8	A	4	11.3285	0.0001257200	0	0	0	0	0	0
2	8	B	4	11.3285	0.0001257200	0	0	0	0	0	0
2	9	A	1	12.2244	0.0000902665	0	0	0	0	0	0
2	9	B	1	12.2244	0.0000902665	0	0	0	0	0	0
2	9	A	2	11.7075	0.0000968439	0	0	0	0	0	0
2	9	B	2	11.7075	0.0000968439	0	0	0	0	0	0
2	9	A	3	11.5246	0.0001116220	0	0	0	0	0	0
2	9	B	3	11.5246	0.0001116220	0	0	0	0	0	0
2	9	A	4	11.5632	0.0001377740	0	0	0	0	0	0
2	9	B	4	11.5632	0.0001377740	0	0	0	0	0	0
2	10	A	1	12.6691	0.0001082370	0	0	0	0	0	0
2	10	B	1	12.6691	0.0001082370	0	0	0	0	0	0
2	10	A	2	12.1123	0.0001183180	0	0	0	0	0	0
2	10	B	2	12.1123	0.0001183180	0	0	0	0	0	0
2	10	A	3	12.1284	0.0001366920	0	0	0	0	0	0
2	10	B	3	12.1284	0.0001366920	0	0	0	0	0	0
2	10	A	4	12.0318	0.0001647370	0	0	0	0	0	0
2	10	B	4	12.0318	0.0001647370	0	0	0	0	0	0
2	11	A	1	12.2144	0.0000838206	0	0	0	0	0	0
2	11	B	1	12.2144	0.0000838206	0	0	0	0	0	0
2	11	A	2	11.5942	0.0000904014	0	0	0	0	0	0
2	11	B	2	11.5942	0.0000904014	0	0	0	0	0	0
2	11	A	3	11.3471	0.0001037750	0	0	0	0	0	0
2	11	B	3	11.3471	0.0001037750	0	0	0	0	0	0
2	11	A	4	11.2451	0.0001232360	0	0	0	0	0	0
2	11	B	4	11.2451	0.0001232360	0	0	0	0	0	0
2	12	A	1	12.6301	0.0000896102	0	0	0	0	0	0
2	12	B	1	12.6301	0.0000896102	0	0	0	0	0	0
2	12	A	2	12.0046	0.0001006960	0	0	0	0	0	0
2	12	B	2	12.0046	0.0001006960	0	0	0	0	0	0
2	12	A	3	11.9395	0.0001116620	0	0	0	0	0	0
2	12	B	3	11.9395	0.0001116620	0	0	0	0	0	0
2	12	A	4	11.8082	0.0001298960	0	0	0	0	0	0
2	12	B	4	11.8082	0.0001298960	0	0	0	0	0	0
2	13	A	1	12.5234	0.0000928577	0	0	0	0	0	0
2	13	B	1	12.5234	0.0000928577	0	0	0	0	0	0
2	13	A	2	11.9182	0.0001087870	0	0	0	0	0	0
2	13	B	2	11.9182	0.0001087870	0	0	0	0	0	0
2	13	A	3	12.1226	0.0001324090	0	0	0	0	0	0
2	13	B	3	12.1226	0.0001324090	0	0	0	0	0	0
2	13	A	4	11.9107	0.0001426090	0	0	0	0	0	0
2	13	B	4	11.9107	0.0001426090	0	0	0	0	0	0
2	14	A	1	12.2066	0.0000873580	0	0	0	0	0	0
2	14	B	1	12.2066	0.0000873580	0	0	0	0	0	0
2	14	A	2	11.5978	0.0001011530	0	0	0	0	0	0
2	14	B	2	11.5978	0.0001011530	0	0	0	0	0	0
2	14	A	3	12.1991	0.0001201720	0	0	0	0	0	0
2	14	B	3	12.1991	0.0001201720	0	0	0	0	0	0
2	14	A	4	11.7958	0.0001357540	0	0	0	0	0	0
2	14	B	4	11.7958	0.0001357540	0	0	0	0	0	0
2	15	A	1	12.4522	0.0000806533	0	0	0	0	0	0
2	15	B	1	12.4522	0.0000806533	0	0	0	0	0	0
2	15	A	2	11.7974	0.0000920374	0	0	0	0	0	0
2	15	B	2	11.7974	0.0000920374	0	0	0	0	0	0
2	15	A	3	11.7980	0.0000982790	0	0	0	0	0	0
2	15	B	3	11.7980	0.0000982790	0	0	0	0	0	0
2	15	A	4	11.6139	0.0001178310	0	0	0	0	0	0
2	15	B	4	11.6139	0.0001178310	0	0	0	0	0	0
2	16	A	1	12.2888	0.0000904671	0	0	0	0	0	0
2	16	B	1	12.2888	0.0000904671	0	0	0	0	0	0
2	16	A	2	11.4667	0.0000989887	0	0	0	0	0	0
2	16	B	2	11.4667	0.0000989887	0	0	0	0	0	0
2	16	A	3	11.7645	0.0001126230	0	0	0	0	0	0
2	16	B	3	11.7645	0.0001126230	0	0	0	0	0	0
2	16	A	4	11.4217	0.0001336410	0	0	0	0	0	0
2	16	B	4	11.4217	0.0001336410	0	0	0	0	0	0
2	17	A	1	12.0531	0.0000928217	0	0	0	0	0	0
2	17	B	1	12.0531	0.0000928217	0	0	0	0	0	0
2	17	A	2	11.5634	0.0001064750	0	0	0	0	0	0
2	17	B	2	11.5634	0.0001064750	0	0	0	0	0	0
2	17	A	3	11.4821	0.0001184900	0	0	0	0	0	0
2	17	B	3	11.4821	0.0001184900	0	0	0	0	0	0
2	17	A	4	11.4473	0.0001363620	0	0	0	0	0	0
2	17	B	4	11.4473	0.0001363620	0	0	0	0	0	0
2	18	A	1	12.1182	0.0000857905	0	0	0	0	0	0
2	18	B	1	12.1182	0.0000857905	0	0	0	0	0	0
2	18	A	2	11.6584	0.0000975107	0	0	0	0	0	0
2	18	B	2	11.6584	0.0000975107	0	0	0	0	0	0
2	18	A	3	11.6567	0.0001154300	0	0	0	0	0	0
2	18	B	3	11.6567	0.0001154300	0	0	0	0	0	0
2	18	A	4	11.6085	0.0001349140	0	0	0	0	0	0
2	18	B	4	11.6085	0.0001349140	0	0	0	0	0	0
2	19	A	1	11.8570	0.0000858208	0	0	0	0	0	0
2	19	B	1	11.8570	0.0000858208	0	0	0	0	0	0
2	19	A	2	11.2847	0.0000965370	0	0	0	0	0	0
2	19	B	2	11.2847	0.0000965370	0	0	0	0	0	0
2	19	A	3	11.1644	0.0001104110	0	0	0	0	0	0
2	19	B	3	11.1644	0.0001104110	0	0	0	0	0	0
2	19	A	4	11.0604	0.0001264720	0	0	0	0	0	0
2	19	B	4	11.0604	0.0001264720	0	0	0	0	0	0
2	20	A	1	12.2515	0.0000845323	0	0	0	0	0	0
2	20	B	1	12.2515	0.0000845323	0	0	0	0	0	0
2	20	A	2	11.7073	0.0000900751	0	0	0	0	0	0
2	20	B	2	11.7073	0.0000900751	0	0	0	0	0	0
2	20	A	3	11.5917	0.0001032100	0	0	0	0	0	0
2	20	B	3	11.5917	0.0001032100	0	0	0	0	0	0
2	20	A	4	11.4935	0.0001227460	0	0	0	0	0	0
2	20	B	4	11.4935	0.0001227460	0	0	0	0	0	0
2	21	A	1	12.6297	0.0000975941	0	0	0	0	0	0
2	21	B	1	12.6297	0.0000975941	0	0	0	0	0	0
2	21	A	2	12.1281	0.0001062460	0	0	0	0	0	0
2	21	B	2	12.1281	0.0001062460	0	0	0	0	0	0
2	21	A	3	12.1327	0.0001299430	0	0	0	0	0	0
2	21	B	3	12.1327	0.0001299430	0	0	0	0	0	0
2	21	A	4	12.0247	0.0002022860	0	0	0	0	0	0
2	21	B	4	12.0247	0.0002022860	0	0	0	0	0	0
2	22	A	1	12.6698	0.0001014630	0	0	0	0	0	0
2	22	B	1	12.6698	0.0001014630	0	0	0	0	0	0
2	22	A	2	12.1463	0.0001088750	0	0	0	0	0	0
2	22	B	2	12.1463	0.0001088750	0	0	0	0	0	0
2	22	A	3	12.0937	0.0001244490	0	0	0	0	0	0
2	22	B	3	12.0937	0.0001244490	0	0	0	0	0	0
2	22	A	4	11.9438	0.0001493170	0	0	0	0	0	0
2	22	B	4	11.9438	0.0001493170	0	0	0	0	0	0
2	23	A	1	12.4014	0.0000914071	0	0	0	0	0	0
2	23	B	1	12.4014	0.0000914071	0	0	0	0	0	0
2	23	A	2	11.8426	0.0000992941	0	0	0	0	0	0
2	23	B	2	11.8426	0.0000992941	0	0	0	0	0	0
2	23	A	3	11.6743	0.0001106360	0	0	0	0	0	0
2	23	B	3	11.6743	0.0001106360	0	0	0	0	0	0
2	23	A	4	11.5074	0.0001366710	0	0	0	0	0	0
2	23	B	4	11.5074	0.0001366710	0	0	0	0	0	0
2	24	A	1	12.5899	0.0000913006	0	0	0	0	0	0
2	24	B	1	12.5899	0.0000913006	0	0	0	0	0	0
2	24	A	2	11.9523	0.0000984590	0	0	0	0	0	0
2	24	B	2	11.9523	0.0000984590	0	0	0	0	0	0
2	24	A	3	11.9004	0.0001182150	0	0	0	0	0	0
2	24	B	3	11.9004	0.0001182150	0	0	0	0	0	0
2	24	A	4	11.7379	0.0001404010	0	0	0	0	0	0
2	24	B	4	11.7379	0.0001404010	0	0	0	0	0	0
2	25	A	1	12.3829	0.0000873421	0	0	0	0	0	0
2	25	B	1	12.3829	0.0000873421	0	0	0	0	0	0
2	25	A	2	11.8185	0.0000915814	0	0	0	0	0	0
2	25	B	2	11.8185	0.0000915814	0	0	0	0	0	0
2	25	A	3	11.6269	0.0001030890	0	0	0	0	0	0
2	25	B	3	11.6269	0.0001030890	0	0	0	0	0	0
2	25	A	4	11.4562	0.0001246870	0	0	0	0	0	0
2	25	B	4	11.4562	0.0001246870	0	0	0	0	0	0
2	26	A	1	12.2659	0.0000845708	0	0	0	0	0	0
2	26	B	1	12.2659	0.0000845708	0	0	0	0	0	0
2	26	A	2	11.6600	0.0000919084	0	0	0	0	0	0
2	26	B	2	11.6600	0.0000919084	0	0	0	0	0	0
2	26	A	3	12.0238	0.0001066610	0	0	0	0	0	0
2	26	B	3	12.0238	0.0001066610	0	0	0	0	0	0
2	26	A	4	11.7548	0.0001269610	0	0	0	0	0	0
2	26	B	4	11.7548	0.0001269610	0	0	0	0	0	0
2	27	A	1	12.4152	0.0000859678	0	0	0	0	0	0
2	27	B	1	12.4152	0.0000859678	0	0	0	0	0	0
2	27	A	2	11.8317	0.0000907732	0	0	0	0	0	0
2	27	B	2	11.8317	0.0000907732	0	0	0	0	0	0
2	27	A	3	11.6158	0.0001002250	0	0	0	0	0	0
2	27	B	3	11.6158	0.0001002250	0	0	0	0	0	0
2	27	A	4	11.4928	0.0001182280	0	0	0	0	0	0
2	27	B	4	11.4928	0.0001182280	0	0	0	0	0	0
2	28	A	1	12.5633	0.0001078240	0	0	0	0	0	0
2	28	B	1	12.5633	0.0001078240	0	0	0	0	0	0
2	28	A	2	11.9174	0.0001280990	0	0	0	0	0	0
2	28	B	2	11.9174	0.0001280990	0	0	0	0	0	0
2	28	A	3	12.0397	0.0001410440	0	0	0	0	0	0
2	28	B	3	12.0397	0.0001410440	0	0	0	0	0	0
2	28	A	4	11.8997	0.0001672200	0	0	0	0	0	0
2	28	B	4	11.8997	0.0001672200	0	0	0	0	0	0
2	29	A	1	12.1580	0.0000806727	0	0	0	0	0	0
2	29	B	1	12.1580	0.0000806727	0	0	0	0	0	0
2	29	A	2	11.6157	0.0000885388	0	0	0	0	0	0
2	29	B	2	11.6157	0.0000885388	0	0	0	0	0	0
2	29	A	3	11.4009	0.0000986790	0	0	0	0	0	0
2	29	B	3	11.4009	0.0000986790	0	0	0	0	0	0
2	29	A	4	11.4031	0.0001181410	0	0	0	0	0	0
2	29	B	4	11.4031	0.0001181410	0	0	0	0	0	0
2	30	A	1	11.9731	0.0000842088	0	0	0	0	0	0
2	30	B	1	11.9731	0.0000842088	0	0	0	0	0	0
2	30	A	2	11.4071	0.0000937999	0	0	0	0	0	0
2	30	B	2	11.4071	0.0000937999	0	0	0	0	0	0
2	30	A	3	11.2918	0.0001084320	0	0	0	0	0	0
2	30	B	3	11.2918	0.0001084320	0	0	0	0	0	0
2	30	A	4	11.2940	0.0001285890	0	0	0	0	0	0
2	30	B	4	11.2940	0.0001285890	0	0	0	0	0	0
2	31	A	1	12.0382	0.0000887865	0	0	0	0	0	0
2	31	B	1	12.0382	0.0000887865	0	0	0	0	0	0
2	31	A	2	11.4574	0.0001058710	0	0	0	0	0	0
2	31	B	2	11.4574	0.0001058710	0	0	0	0	0	0
2	31	A	3	11.2606	0.0001122020	0	0	0	0	0	0
2	31	B	3	11.2606	0.0001122020	0	0	0	0	0	0
2	31	A	4	11.1976	0.0001354240	0	0	0	0	0	0
2	31	B	4	11.1976	0.0001354240	0	0	0	0	0	0
2	32	A	1	11.7787	0.0000952503	0	0	0	0	0	0
2	32	B	1	11.7787	0.0000952503	0	0	0	0	0	0
2	32	A	2	11.1699	0.0001015300	0	0	0	0	0	0
2	32	B	2	11.1699	0.0001015300	0	0	0	0	0	0
2	32	A	3	11.0809	0.0001302860	0	0	0	0	0	0
2	32	B	3	11.0809	0.0001302860	0	0	0	0	0	0
2	32	A	4	11.1102	0.0001362450	0	0	0	0	0	0
2	32	B	4	11.1102	0.0001362450	0	0	0	0	0	0
2	33	A	1	11.9629	0.0000929138	0	0	0	0	0	0
2	33	B	1	11.9629	0.0000929138	0	0	0	0	0	0
2	33	A	2	11.4454	0.0001039800	0	0	0	0	0	0
2	33	B	2	11.4454	0.0001039800	0	0	0	0	0	0
2	33	A	3	11.3058	0.0001188630	0	0	0	0	0	0
2	33	B	3	11.3058	0.0001188630	0	0	0	0	0	0
2	33	A	4	11.2175	0.0001444630	0	0	0	0	0	0
2	33	B	4	11.2175	0.0001444630	0	0	0	0	0	0
2	34	A	1	12.1855	0.0001032850	0	0	0	0	0	0
2	34	B	1	12.1855	0.0001032850	0	0	0	0	0	0
2	34	A	2	11.6507	0.0001213990	0	0	0	0	0	0
2	34	B	2	11.6507	0.0001213990	0	0	0	0	0	0
2	34	A	3	11.5751	0.0001422390	0	0	0	0	0	0
2	34	B	3	11.5751	0.0001422390	0	0	0	0	0	0
2	34	A	4	11.5056	0.0001562620	0	0	0	0	0	0
2	34	B	4	11.5056	0.0001562620	0	0	0	0	0	0
2	35	A	1	11.9432	0.0000906737	0	0	0	0	0	0
2	35	B	1	11.9432	0.0000906737	0	0	0	0	0	0
2	35	A	2	11.3755	0.0000995665	0	0	0	0	0	0
2	35	B	2	11.3755	0.0000995665	0	0	0	0	0	0
2	35	A	3	11.2348	0.0001098370	0	0	0	0	0	0
2	35	B	3	11.2348	0.0001098370	0	0	0	0	0	0
2	35	A	4	11.1109	0.0001280530	0	0	0	0	0	0
2	35	B	4	11.1109	0.0001280530	0	0	0	0	0	0
2	36	A	1	12.3594	0.0000942863	0	0	0	0	0	0
2	36	B	1	12.3594	0.0000942863	0	0	0	0	0	0
2	36	A	2	11.7136	0.0000966694	0	0	0	0	0	0
2	36	B	2	11.7136	0.0000966694	0	0	0	0	0	0
2	36	A	3	11.6722	0.0001144210	0	0	0	0	0	0
2	36	B	3	11.6722	0.0001144210	0	0	0	0	0	0
2	36	A	4	11.5689	0.0001310390	0	0	0	0	0	0
2	36	B	4	11.5689	0.0001310390	0	0	0	0	0	0
2	37	A	1	12.4514	0.0000916457	0	0	0	0	0	0
2	37	B	1	12.4514	0.0000916457	0	0	0	0	0	0
2	37	A	2	11.7738	0.0000987455	0	0	0	0	0	0
2	37	B	2	11.7738	0.0000987455	0	0	0	0	0	0
2	37	A	3	11.7503	0.0001088840	0	0	0	0	0	0
2	37	B	3	11.7503	0.0001088840	0	0	0	0	0	0
2	37	A	4	11.5714	0.0001312580	0	0	0	0	0	0
2	37	B	4	11.5714	0.0001312580	0	0	0	0	0	0
2	38	A	1	12.1941	0.0000906528	0	0	0	0	0	0
2	38	B	1	12.1941	0.0000906528	0	0	0	0	0	0
2	38	A	2	11.5035	0.0001028650	0	0	0	0	0	0
2	38	B	2	11.5035	0.0001028650	0	0	0	0	0	0
2	38	A	3	11.9039	0.0001124390	0	0	0	0	0	0
2	38	B	3	11.9039	0.0001124390	0	0	0	0	0	0
2	38	A	4	11.6633	0.0001367380	0	0	0	0	0	0
2	38	B	4	11.6633	0.0001367380	0	0	0	0	0	0
2	39	A	1	12.5037	0.0000913020	0	0	0	0	0	0
2	39	B	1	12.5037	0.0000913020	0	0	0	0	0	0
2	39	A	2	11.8800	0.0001055050	0	0	0	0	0	0
2	39	B	2	11.8800	0.0001055050	0	0	0	0	0	0
2	39	A	3	11.7672	0.0001125010	0	0	0	0	0	0
2	39	B	3	11.7672	0.0001125010	0	0	0	0	0	0
2	39	A	4	11.5801	0.0001335080	0	0	0	0	0	0
2	39	B	4	11.5801	0.0001335080	0	0	0	0	0	0
2	40	A	1	12.2758	0.0000962734	0	0	0	0	0	0
2	40	B	1	12.2758	0.0000962734	0	0	0	0	0	0
2	40	A	2	11.5155	0.0001026970	0	0	0	0	0	0
2	40	B	2	11.5155	0.0001026970	0	0	0	0	0	0
2	40	A	3	11.6404	0.0001146910	0	0	0	0	0	0
2	40	B	3	11.6404	0.0001146910	0	0	0	0	0	0
2	40	A	4	11.4001	0.0001364000	0	0	0	0	0	0
2	40	B	4	11.4001	0.0001364000	0	0	0	0	0	0
2	41	A	1	12.5042	0.0000936427	0	0	0	0	0	0
2	41	B	1	12.5042	0.0000936427	0	0	0	0	0	0
2	41	A	2	12.0676	0.0001001410	0	0	0	0	0	0
2	41	B	2	12.0676	0.0001001410	0	0	0	0	0	0
2	41	A	3	11.8937	0.0001152190	0	0	0	0	0	0
2	41	B	3	11.8937	0.0001152190	0	0	0	0	0	0
2	41	A	4	11.8200	0.0001338240	0	0	0	0	0	0
2	41	B	4	11.8200	0.0001338240	0	0	0	0	0	0
2	42	A	1	12.4199	0.0000930072	0	0	0	0	0	0
2	42	B	1	12.4199	0.0000930072	0	0	0	0	0	0
2	42	A	2	12.0266	0.0001070490	0	0	0	0	0	0
2	42	B	2	12.0266	0.0001070490	0	0	0	0	0	0
2	42	A	3	12.0531	0.0001243650	0	0	0	0	0	0
2	42	B	3	12.0531	0.0001243650	0	0	0	0	0	0
2	42	A	4	12.0532	0.0001474300	0	0	0	0	0	0
2	42	B	4	12.0532	0.0001474300	0	0	0	0	0	0
2	43	A	1	12.0128	0.0000878341	0	0	0	0	0	0
2	43	B	1	12.0128	0.0000878341	0	0	0	0	0	0
2	43	A	2	11.4960	0.0001000190	0	0	0	0	0	0
2	43	B	2	11.4960	0.0001000190	0	0	0	0	0	0
2	43	A	3	11.3273	0.0001148960	0	0	0	0	0	0
2	43	B	3	11.3273	0.0001148960	0	0	0	0	0	0
2	43	A	4	11.3314	0.0001273410	0	0	0	0	0	0
2	43	B	4	11.3314	0.0001273410	0	0	0	0	0	0
2	44	A	1	12.1082	0.0000927387	0	0	0	0	0	0
2	44	B	1	12.1082	0.0000927387	0	0	0	0	0	0
2	44	A	2	11.6057	0.0001012460	0	0	0	0	0	0
2	44	B	2	11.6057	0.0001012460	0	0	0	0	0	0
2	44	A	3	11.6074	0.0001166330	0	0	0	0	0	0
2	44	B	3	11.6074	0.0001166330	0	0	0	0	0	0
2	44	A	4	11.5226	0.0001314930	0	0	0	0	0	0
2	44	B	4	11.5226	0.0001314930	0	0	0	0	0	0
2	45	A	1	12.1182	0.0000885538	0	0	0	0	0	0
2	45	B	1	12.1182	0.0000885538	0	0	0	0	0	0
2	45	A	2	11.6476	0.0000928713	0	0	0	0	0	0
2	45	B	2	11.6476	0.0000928713	0	0	0	0	0	0
2	45	A	3	11.6120	0.0001119400	0	0	0	0	0	0
2	45	B	3	11.6120	0.0001119400	0	0	0	0	0	0
2	45	A	4	11.5429	0.0001378470	0	0	0	0	0	0
2	45	B	4	11.5429	0.0001378470	0	0	0	0	0	0
2	46	A	1	12.2812	0.0001065620	0	0	0	0	0	0
2	46	B	1	12.2812	0.0001065620	0	0	0	0	0	0
2	46	A	2	11.7136	0.0001185300	0	0	0	0	0	0
2	46	B	2	11.7136	0.0001185300	0	0	0	0	0	0
2	46	A	3	11.7609	0.0001376400	0	0	0	0	0	0
2	46	B	3	11.7609	0.0001376400	0	0	0	0	0	0
2	46	A	4	11.7208	0.0001697770	0	0	0	0	0	0
2	46	B	4	11.7208	0.0001697770	0	0	0	0	0	0
2	47	A	1	12.1649	0.0000937033	0	0	0	0	0	0
2	47	B	1	12.1649	0.0000937033	0	0	0	0	0	0
2	47	A	2	11.5756	0.0001055600	0	0	0	0	0	0
2	47	B	2	11.5756	0.0001055600	0	0	0	0	0	0
2	47	A	3	11.5135	0.0001178400	0	0	0	0	0	0
2	47	B	3	11.5135	0.0001178400	0	0	0	0	0	0
2	47	A	4	11.3716	0.0001360270	0	0	0	0	0	0
2	47	B	4	11.3716	0.0001360270	0	0	0	0	0	0
2	48	A	1	12.4238	0.0000923699	0	0	0	0	0	0
2	48	B	1	12.4238	0.0000923699	0	0	0	0	0	0
2	48	A	2	11.8123	0.0001020500	0	0	0	0	0	0
2	48	B	2	11.8123	0.0001020500	0	0	0	0	0	0
2	48	A	3	11.8221	0.0001123440	0	0	0	0	0	0
2	48	B	3	11.8221	0.0001123440	0	0	0	0	0	0
2	48	A	4	11.6240	0.0001340870	0	0	0	0	0	0
2	48	B	4	11.6240	0.0001340870	0	0	0	0	0	0
3	1	A	1	12.3542	0.0001176290	0	0	0	0	0	0
3	1	B	1	12.3542	0.0001176290	0	0	0	0	0	0
3	1	A	2	11.8075	0.0001241840	0	0	0	0	0	0
3	1	B	2	11.8075	0.0001241840	0	0	0	0	0	0
3	1	A	3	11.5075	0.0001351240	0	0	0	0	0	0
3	1	B	3	11.5075	0.0001351240	0	0	0	0	0	0
3	1	A	4	11.2344	0.0001540850	0	0	0	0	0	0
3	1	B	4	11.2344	0.0001540850	0	0	0	0	0	0
3	2	A	1	12.3853	0.0001087000	0	0	0	0	0	0
3	2	B	1	12.3853	0.0001087000	0	0	0	0	0	0
3	2	A	2	11.7878	0.0001107330	0	0	0	0	0	0
3	2	B	2	11.7878	0.0001107330	0	0	0	0	0	0
3	2	A	3	11.8647	0.0001221630	0	0	0	0	0	0
3	2	B	3	11.8647	0.0001221630	0	0	0	0	0	0
3	2	A	4	11.3847	0.0001416990	0	0	0	0	0	0
3	2	B	4	11.3847	0.0001416990	0	0	0	0	0	0
3	3	A	1	12.3939	0.0001149800	0	0	0	0	0	0
3	3	B	1	12.3939	0.0001149800	0	0	0	0	0	0
3	3	A	2	11.8241	0.0001167820	0	0	0	0	0	0
3	3	B	2	11.8241	0.0001167820	0	0	0	0	0	0
3	3	A	3	11.5902	0.0001285980	0	0	0	0	0	0
3	3	B	3	11.5902	0.0001285980	0	0	0	0	0	0
3	3	A	4	11.3375	0.0001475810	0	0	0	0	0	0
3	3	B	4	11.3375	0.0001475810	0	0	0	0	0	0
3	4	A	1	12.6197	0.0001107860	0	0	0	0	0	0
3	4	B	1	12.6197	0.0001107860	0	0	0	0	0	0
3	4	A	2	11.9565	0.0001156830	0	0	0	0	0	0
3	4	B	2	11.9565	0.0001156830	0	0	0	0	0	0
3	4	A	3	11.6958	0.0001269780	0	0	0	0	0	0
3	4	B	3	11.6958	0.0001269780	0	0	0	0	0	0
3	4	A	4	11.3898	0.0001378420	0	0	0	0	0	0
3	4	B	4	11.3898	0.0001378420	0	0	0	0	0	0
3	5	A	1	12.4797	0.0001288740	0	0	0	0	0	0
3	5	B	1	12.4797	0.0001288740	0	0	0	0	0	0
3	5	A	2	11.8943	0.0001312470	0	0	0	0	0	0
3	5	B	2	11.8943	0.0001312470	0	0	0	0	0	0
3	5	A	3	11.5936	0.0001487330	0	0	0	0	0	0
3	5	B	3	11.5936	0.0001487330	0	0	0	0	0	0
3	5	A	4	11.5313	0.0001667080	0	0	0	0	0	0
3	5	B	4	11.5313	0.0001667080	0	0	0	0	0	0
3	6	A	1	12.2442	0.0001212750	0	0	0	0	0	0
3	6	B	1	12.2442	0.0001212750	0	0	0	0	0	0
3	6	A	2	11.6401	0.0001322060	0	0	0	0	0	0
3	6	B	2	11.6401	0.0001322060	0	0	0	0	0	0
3	6	A	3	11.4156	0.0001561970	0	0	0	0	0	0
3	6	B	3	11.4156	0.0001561970	0	0	0	0	0	0
3	6	A	4	11.3172	0.0001795070	0	0	0	0	0	0
3	6	B	4	11.3172	0.0001795070	0	0	0	0	0	0
3	7	A	1	12.1895	0.0001670960	0	0	0	0	0	0
3	7	B	1	12.1895	0.0001670960	0	0	0	0	0	0
3	7	A	2	11.6663	0.0001753390	0	0	0	0	0	0
3	7	B	2	11.6663	0.0001753390	0	0	0	0	0	0
3	7	A	3	11.4310	0.0001894100	0	0	0	0	0	0
3	7	B	3	11.4310	0.0001894100	0	0	0	0	0	0
3	7	A	4	11.3026	0.0002126830	0	0	0	0	0	0
3	7	B	4	11.3026	0.0002126830	0	0	0	0	0	0
3	8	A	1	12.1901	0.0001151320	0	0	0	0	0	0
3	8	B	1	12.1901	0.0001151320	0	0	0	0	0	0
3	8	A	2	11.6796	0.0001237190	0	0	0	0	0	0
3	8	B	2	11.6796	0.0001237190	0	0	0	0	0	0
3	8	A	3	11.4752	0.0001374090	0	0	0	0	0	0
3	8	B	3	11.4752	0.0001374090	0	0	0	0	0	0
3	8	A	4	11.4284	0.0001643320	0	0	0	0	0	0
3	8	B	4	11.4284	0.0001643320	0	0	0	0	0	0
3	9	A	1	12.3380	0.0001230430	0	0	0	0	0	0
3	9	B	1	12.3380	0.0001230430	0	0	0	0	0	0
3	9	A	2	11.7334	0.0001260300	0	0	0	0	0	0
3	9	B	2	11.7334	0.0001260300	0	0	0	0	0	0
3	9	A	3	11.4169	0.0001393430	0	0	0	0	0	0
3	9	B	3	11.4169	0.0001393430	0	0	0	0	0	0
3	9	A	4	11.2768	0.0001677570	0	0	0	0	0	0
3	9	B	4	11.2768	0.0001677570	0	0	0	0	0	0
3	10	A	1	12.5182	0.0001185680	0	0	0	0	0	0
3	10	B	1	12.5182	0.0001185680	0	0	0	0	0	0
3	10	A	2	12.0145	0.0001362630	0	0	0	0	0	0
3	10	B	2	12.0145	0.0001362630	0	0	0	0	0	0
3	10	A	3	11.7740	0.0001363420	0	0	0	0	0	0
3	10	B	3	11.7740	0.0001363420	0	0	0	0	0	0
3	10	A	4	11.5334	0.0001531340	0	0	0	0	0	0
3	10	B	4	11.5334	0.0001531340	0	0	0	0	0	0
3	11	A	1	12.1490	0.0001106760	0	0	0	0	0	0
3	11	B	1	12.1490	0.0001106760	0	0	0	0	0	0
3	11	A	2	11.6323	0.0001193330	0	0	0	0	0	0
3	11	B	2	11.6323	0.0001193330	0	0	0	0	0	0
3	11	A	3	11.4120	0.0001292220	0	0	0	0	0	0
3	11	B	3	11.4120	0.0001292220	0	0	0	0	0	0
3	11	A	4	11.1532	0.0001489130	0	0	0	0	0	0
3	11	B	4	11.1532	0.0001489130	0	0	0	0	0	0
3	12	A	1	12.2244	0.0001117570	0	0	0	0	0	0
3	12	B	1	12.2244	0.0001117570	0	0	0	0	0	0
3	12	A	2	11.5697	0.0001156120	0	0	0	0	0	0
3	12	B	2	11.5697	0.0001156120	0	0	0	0	0	0
3	12	A	3	11.2975	0.0001296000	0	0	0	0	0	0
3	12	B	3	11.2975	0.0001296000	0	0	0	0	0	0
3	12	A	4	11.1425	0.0001442670	0	0	0	0	0	0
3	12	B	4	11.1425	0.0001442670	0	0	0	0	0	0
3	13	A	1	12.4507	0.0001179170	0	0	0	0	0	0
3	13	B	1	12.4507	0.0001179170	0	0	0	0	0	0
3	13	A	2	11.7751	0.0001245840	0	0	0	0	0	0
3	13	B	2	11.7751	0.0001245840	0	0	0	0	0	0
3	13	A	3	11.8248	0.0001352730	0	0	0	0	0	0
3	13	B	3	11.8248	0.0001352730	0	0	0	0	0	0
3	13	A	4	11.4106	0.0001407120	0	0	0	0	0	0
3	13	B	4	11.4106	0.0001407120	0	0	0	0	0	0
3	14	A	1	12.1695	0.0001183330	0	0	0	0	0	0
3	14	B	1	12.1695	0.0001183330	0	0	0	0	0	0
3	14	A	2	11.6078	0.0001420750	0	0	0	0	0	0
3	14	B	2	11.6078	0.0001420750	0	0	0	0	0	0
3	14	A	3	12.1830	0.0001425840	0	0	0	0	0	0
3	14	B	3	12.1830	0.0001425840	0	0	0	0	0	0
3	14	A	4	11.7628	0.0001719010	0	0	0	0	0	0
3	14	B	4	11.7628	0.0001719010	0	0	0	0	0	0
3	15	A	1	12.4544	0.0001071470	0	0	0	0	0	0
3	15	B	1	12.4544	0.0001071470	0	0	0	0	0	0
3	15	A	2	11.8071	0.0001181950	0	0	0	0	0	0
3	15	B	2	11.8071	0.0001181950	0	0	0	0	0	0
3	15	A	3	11.7976	0.0001287220	0	0	0	0	0	0
3	15	B	3	11.7976	0.0001287220	0	0	0	0	0	0
3	15	A	4	11.5189	0.0001462720	0	0	0	0	0	0
3	15	B	4	11.5189	0.0001462720	0	0	0	0	0	0
3	16	A	1	12.3249	0.0001135900	0	0	0	0	0	0
3	16	B	1	12.3249	0.0001135900	0	0	0	0	0	0
3	16	A	2	11.6007	0.0001269640	0	0	0	0	0	0
3	16	B	2	11.6007	0.0001269640	0	0	0	0	0	0
3	16	A	3	11.8562	0.0001374350	0	0	0	0	0	0
3	16	B	3	11.8562	0.0001374350	0	0	0	0	0	0
3	16	A	4	11.4321	0.0001506420	0	0	0	0	0	0
3	16	B	4	11.4321	0.0001506420	0	0	0	0	0	0
3	17	A	1	12.4586	0.0001139020	0	0	0	0	0	0
3	17	B	1	12.4586	0.0001139020	0	0	0	0	0	0
3	17	A	2	11.8639	0.0001281720	0	0	0	0	0	0
3	17	B	2	11.8639	0.0001281720	0	0	0	0	0	0
3	17	A	3	11.7201	0.0001428390	0	0	0	0	0	0
3	17	B	3	11.7201	0.0001428390	0	0	0	0	0	0
3	17	A	4	11.5687	0.0001681720	0	0	0	0	0	0
3	17	B	4	11.5687	0.0001681720	0	0	0	0	0	0
3	18	A	1	12.5069	0.0001285830	0	0	0	0	0	0
3	18	B	1	12.5069	0.0001285830	0	0	0	0	0	0
3	18	A	2	11.9977	0.0001284960	0	0	0	0	0	0
3	18	B	2	11.9977	0.0001284960	0	0	0	0	0	0
3	18	A	3	11.8557	0.0001424460	0	0	0	0	0	0
3	18	B	3	11.8557	0.0001424460	0	0	0	0	0	0
3	18	A	4	11.7150	0.0001626910	0	0	0	0	0	0
3	18	B	4	11.7150	0.0001626910	0	0	0	0	0	0
3	19	A	1	12.0233	0.0001722440	0	0	0	0	0	0
3	19	B	1	12.0233	0.0001722440	0	0	0	0	0	0
3	19	A	2	11.4403	0.0001755550	0	0	0	0	0	0
3	19	B	2	11.4403	0.0001755550	0	0	0	0	0	0
3	19	A	3	11.2654	0.0001838430	0	0	0	0	0	0
3	19	B	3	11.2654	0.0001838430	0	0	0	0	0	0
3	19	A	4	11.1531	0.0002155380	0	0	0	0	0	0
3	19	B	4	11.1531	0.0002155380	0	0	0	0	0	0
3	20	A	1	12.3442	0.0001094520	0	0	0	0	0	0
3	20	B	1	12.3442	0.0001094520	0	0	0	0	0	0
3	20	A	2	11.7876	0.0001164830	0	0	0	0	0	0
3	20	B	2	11.7876	0.0001164830	0	0	0	0	0	0
3	20	A	3	11.6657	0.0001340750	0	0	0	0	0	0
3	20	B	3	11.6657	0.0001340750	0	0	0	0	0	0
3	20	A	4	11.4497	0.0001466550	0	0	0	0	0	0
3	20	B	4	11.4497	0.0001466550	0	0	0	0	0	0
3	21	A	1	12.6482	0.0001348660	0	0	0	0	0	0
3	21	B	1	12.6482	0.0001348660	0	0	0	0	0	0
3	21	A	2	12.0632	0.0001425990	0	0	0	0	0	0
3	21	B	2	12.0632	0.0001425990	0	0	0	0	0	0
3	21	A	3	11.8672	0.0001448600	0	0	0	0	0	0
3	21	B	3	11.8672	0.0001448600	0	0	0	0	0	0
3	21	A	4	11.6486	0.0001659070	0	0	0	0	0	0
3	21	B	4	11.6486	0.0001659070	0	0	0	0	0	0
3	22	A	1	12.6677	0.0001098120	0	0	0	0	0	0
3	22	B	1	12.6677	0.0001098120	0	0	0	0	0	0
3	22	A	2	11.8259	0.0001751960	0	0	0	0	0	0
3	22	B	2	11.8259	0.0001751960	0	0	0	0	0	0
3	22	A	3	11.8581	0.0001329920	0	0	0	0	0	0
3	22	B	3	11.8581	0.0001329920	0	0	0	0	0	0
3	22	A	4	11.5914	0.0001516720	0	0	0	0	0	0
3	22	B	4	11.5914	0.0001516720	0	0	0	0	0	0
3	23	A	1	12.6300	0.0001219060	0	0	0	0	0	0
3	23	B	1	12.6300	0.0001219060	0	0	0	0	0	0
3	23	A	2	11.9684	0.0001231330	0	0	0	0	0	0
3	23	B	2	11.9684	0.0001231330	0	0	0	0	0	0
3	23	A	3	11.6059	0.0001399350	0	0	0	0	0	0
3	23	B	3	11.6059	0.0001399350	0	0	0	0	0	0
3	23	A	4	11.3192	0.0001496420	0	0	0	0	0	0
3	23	B	4	11.3192	0.0001496420	0	0	0	0	0	0
3	24	A	1	12.5111	0.0001459410	0	0	0	0	0	0
3	24	B	1	12.5111	0.0001459410	0	0	0	0	0	0
3	24	A	2	11.9629	0.0001467910	0	0	0	0	0	0
3	24	B	2	11.9629	0.0001467910	0	0	0	0	0	0
3	24	A	3	11.8713	0.0001601940	0	0	0	0	0	0
3	24	B	3	11.8713	0.0001601940	0	0	0	0	0	0
3	24	A	4	11.5982	0.0001849420	0	0	0	0	0	0
3	24	B	4	11.5982	0.0001849420	0	0	0	0	0	0
3	25	A	1	12.5474	0.0001112000	0	0	0	0	0	0
3	25	B	1	12.5474	0.0001112000	0	0	0	0	0	0
3	25	A	2	11.9561	0.0001175100	0	0	0	0	0	0
3	25	B	2	11.9561	0.0001175100	0	0	0	0	0	0
3	25	A	3	11.6291	0.0001289050	0	0	0	0	0	0
3	25	B	3	11.6291	0.0001289050	0	0	0	0	0	0
3	25	A	4	11.3272	0.0001509310	0	0	0	0	0	0
3	25	B	4	11.3272	0.0001509310	0	0	0	0	0	0
3	26	A	1	12.0801	0.0001136690	0	0	0	0	0	0
3	26	B	1	12.0801	0.0001136690	0	0	0	0	0	0
3	26	A	2	11.4466	0.0001177290	0	0	0	0	0	0
3	26	B	2	11.4466	0.0001177290	0	0	0	0	0	0
3	26	A	3	11.6178	0.0001271410	0	0	0	0	0	0
3	26	B	3	11.6178	0.0001271410	0	0	0	0	0	0
3	26	A	4	11.2728	0.0001590950	0	0	0	0	0	0
3	26	B	4	11.2728	0.0001590950	0	0	0	0	0	0
3	27	A	1	12.2261	0.0001183410	0	0	0	0	0	0
3	27	B	1	12.2261	0.0001183410	0	0	0	0	0	0
3	27	A	2	11.6083	0.0001249980	0	0	0	0	0	0
3	27	B	2	11.6083	0.0001249980	0	0	0	0	0	0
3	27	A	3	11.4158	0.0001316860	0	0	0	0	0	0
3	27	B	3	11.4158	0.0001316860	0	0	0	0	0	0
3	27	A	4	11.1839	0.0001552780	0	0	0	0	0	0
3	27	B	4	11.1839	0.0001552780	0	0	0	0	0	0
3	28	A	1	12.3384	0.0001109730	0	0	0	0	0	0
3	28	B	1	12.3384	0.0001109730	0	0	0	0	0	0
3	28	A	2	11.5720	0.0001115330	0	0	0	0	0	0
3	28	B	2	11.5720	0.0001115330	0	0	0	0	0	0
3	28	A	3	11.4722	0.0001226650	0	0	0	0	0	0
3	28	B	3	11.4722	0.0001226650	0	0	0	0	0	0
3	28	A	4	11.1630	0.0001435170	0	0	0	0	0	0
3	28	B	4	11.1630	0.0001435170	0	0	0	0	0	0
3	29	A	1	12.3721	0.0001180300	0	0	0	0	0	0
3	29	B	1	12.3721	0.0001180300	0	0	0	0	0	0
3	29	A	2	11.6532	0.0001205290	0	0	0	0	0	0
3	29	B	2	11.6532	0.0001205290	0	0	0	0	0	0
3	29	A	3	11.3281	0.0001352710	0	0	0	0	0	0
3	29	B	3	11.3281	0.0001352710	0	0	0	0	0	0
3	29	A	4	11.1511	0.0001534660	0	0	0	0	0	0
3	29	B	4	11.1511	0.0001534660	0	0	0	0	0	0
3	30	A	1	12.4943	0.0001233820	0	0	0	0	0	0
3	30	B	1	12.4943	0.0001233820	0	0	0	0	0	0
3	30	A	2	11.7657	0.0001195320	0	0	0	0	0	0
3	30	B	2	11.7657	0.0001195320	0	0	0	0	0	0
3	30	A	3	11.5149	0.0001301890	0	0	0	0	0	0
3	30	B	3	11.5149	0.0001301890	0	0	0	0	0	0
3	30	A	4	11.2207	0.0001565170	0	0	0	0	0	0
3	30	B	4	11.2207	0.0001565170	0	0	0	0	0	0
3	31	A	1	12.0902	0.0001509630	0	0	0	0	0	0
3	31	B	1	12.0902	0.0001509630	0	0	0	0	0	0
3	31	A	2	11.4066	0.0001595290	0	0	0	0	0	0
3	31	B	2	11.4066	0.0001595290	0	0	0	0	0	0
3	31	A	3	11.1982	0.0001711060	0	0	0	0	0	0
3	31	B	3	11.1982	0.0001711060	0	0	0	0	0	0
3	31	A	4	11.0161	0.0001923340	0	0	0	0	0	0
3	31	B	4	11.0161	0.0001923340	0	0	0	0	0	0
3	32	A	1	12.2045	0.0001267710	0	0	0	0	0	0
3	32	B	1	12.2045	0.0001267710	0	0	0	0	0	0
3	32	A	2	11.5038	0.0001217150	0	0	0	0	0	0
3	32	B	2	11.5038	0.0001217150	0	0	0	0	0	0
3	32	A	3	11.3376	0.0001438870	0	0	0	0	0	0
3	32	B	3	11.3376	0.0001438870	0	0	0	0	0	0
3	32	A	4	11.2019	0.0001638870	0	0	0	0	0	0
3	32	B	4	11.2019	0.0001638870	0	0	0	0	0	0
3	33	A	1	12.0360	0.0001142530	0	0	0	0	0	0
3	33	B	1	12.0360	0.0001142530	0	0	0	0	0	0
3	33	A	2	11.4039	0.0001217960	0	0	0	0	0	0
3	33	B	2	11.4039	0.0001217960	0	0	0	0	0	0
3	33	A	3	11.2025	0.0001365070	0	0	0	0	0	0
3	33	B	3	11.2025	0.0001365070	0	0	0	0	0	0
3	33	A	4	11.0098	0.0001561390	0	0	0	0	0	0
3	33	B	4	11.0098	0.0001561390	0	0	0	0	0	0
3	34	A	1	12.3356	0.0001185090	0	0	0	0	0	0
3	34	B	1	12.3356	0.0001185090	0	0	0	0	0	0
3	34	A	2	11.6677	0.0001311420	0	0	0	0	0	0
3	34	B	2	11.6677	0.0001311420	0	0	0	0	0	0
3	34	A	3	11.4866	0.0001435540	0	0	0	0	0	0
3	34	B	3	11.4866	0.0001435540	0	0	0	0	0	0
3	34	A	4	11.3016	0.0001583060	0	0	0	0	0	0
3	34	B	4	11.3016	0.0001583060	0	0	0	0	0	0
3	35	A	1	12.2860	0.0001243070	0	0	0	0	0	0
3	35	B	1	12.2860	0.0001243070	0	0	0	0	0	0
3	35	A	2	11.6438	0.0001274780	0	0	0	0	0	0
3	35	B	2	11.6438	0.0001274780	0	0	0	0	0	0
3	35	A	3	11.4393	0.0001360770	0	0	0	0	0	0
3	35	B	3	11.4393	0.0001360770	0	0	0	0	0	0
3	35	A	4	11.2482	0.0001540030	0	0	0	0	0	0
3	35	B	4	11.2482	0.0001540030	0	0	0	0	0	0
3	36	A	1	12.2264	0.0001231180	0	0	0	0	0	0
3	36	B	1	12.2264	0.0001231180	0	0	0	0	0	0
3	36	A	2	11.5628	0.0001227350	0	0	0	0	0	0
3	36	B	2	11.5628	0.0001227350	0	0	0	0	0	0
3	36	A	3	11.3768	0.0001329790	0	0	0	0	0	0
3	36	B	3	11.3768	0.0001329790	0	0	0	0	0	0
3	36	A	4	11.1050	0.0001531280	0	0	0	0	0	0
3	36	B	4	11.1050	0.0001531280	0	0	0	0	0	0
3	37	A	1	12.2406	0.0001059110	0	0	0	0	0	0
3	37	B	1	12.2406	0.0001059110	0	0	0	0	0	0
3	37	A	2	11.6425	0.0001199990	0	0	0	0	0	0
3	37	B	2	11.6425	0.0001199990	0	0	0	0	0	0
3	37	A	3	11.4516	0.0001285490	0	0	0	0	0	0
3	37	B	3	11.4516	0.0001285490	0	0	0	0	0	0
3	37	A	4	11.1891	0.0001510860	0	0	0	0	0	0
3	37	B	4	11.1891	0.0001510860	0	0	0	0	0	0
3	38	A	1	12.2279	0.0001017290	0	0	0	0	0	0
3	38	B	1	12.2279	0.0001017290	0	0	0	0	0	0
3	38	A	2	11.6462	0.0001194340	0	0	0	0	0	0
3	38	B	2	11.6462	0.0001194340	0	0	0	0	0	0
3	38	A	3	11.7473	0.0001237790	0	0	0	0	0	0
3	38	B	3	11.7473	0.0001237790	0	0	0	0	0	0
3	38	A	4	11.3420	0.0001502640	0	0	0	0	0	0
3	38	B	4	11.3420	0.0001502640	0	0	0	0	0	0
3	39	A	1	12.1680	0.0001143360	0	0	0	0	0	0
3	39	B	1	12.1680	0.0001143360	0	0	0	0	0	0
3	39	A	2	11.4630	0.0001152070	0	0	0	0	0	0
3	39	B	2	11.4630	0.0001152070	0	0	0	0	0	0
3	39	A	3	11.3381	0.0001241110	0	0	0	0	0	0
3	39	B	3	11.3381	0.0001241110	0	0	0	0	0	0
3	39	A	4	11.0692	0.0001463750	0	0	0	0	0	0
3	39	B	4	11.0692	0.0001463750	0	0	0	0	0	0
3	40	A	1	12.4549	0.0001054400	0	0	0	0	0	0
3	40	B	1	12.4549	0.0001054400	0	0	0	0	0	0
3	40	A	2	11.6412	0.0001125050	0	0	0	0	0	0
3	40	B	2	11.6412	0.0001125050	0	0	0	0	0	0
3	40	A	3	11.6833	0.0001191260	0	0	0	0	0	0
3	40	B	3	11.6833	0.0001191260	0	0	0	0	0	0
3	40	A	4	11.2895	0.0001446330	0	0	0	0	0	0
3	40	B	4	11.2895	0.0001446330	0	0	0	0	0	0
3	41	A	1	12.1627	0.0001135170	0	0	0	0	0	0
3	41	B	1	12.1627	0.0001135170	0	0	0	0	0	0
3	41	A	2	11.6382	0.0001210770	0	0	0	0	0	0
3	41	B	2	11.6382	0.0001210770	0	0	0	0	0	0
3	41	A	3	11.5375	0.0001413160	0	0	0	0	0	0
3	41	B	3	11.5375	0.0001413160	0	0	0	0	0	0
3	41	A	4	11.5254	0.0001704850	0	0	0	0	0	0
3	41	B	4	11.5254	0.0001704850	0	0	0	0	0	0
3	42	A	1	12.2288	0.0001234500	0	0	0	0	0	0
3	42	B	1	12.2288	0.0001234500	0	0	0	0	0	0
3	42	A	2	11.7023	0.0001225990	0	0	0	0	0	0
3	42	B	2	11.7023	0.0001225990	0	0	0	0	0	0
3	42	A	3	11.5810	0.0001388030	0	0	0	0	0	0
3	42	B	3	11.5810	0.0001388030	0	0	0	0	0	0
3	42	A	4	11.4643	0.0001572140	0	0	0	0	0	0
3	42	B	4	11.4643	0.0001572140	0	0	0	0	0	0
3	43	A	1	12.5515	0.0001448470	0	0	0	0	0	0
3	43	B	1	12.5515	0.0001448470	0	0	0	0	0	0
3	43	A	2	11.9088	0.0001428350	0	0	0	0	0	0
3	43	B	2	11.9088	0.0001428350	0	0	0	0	0	0
3	43	A	3	11.6400	0.0001551950	0	0	0	0	0	0
3	43	B	3	11.6400	0.0001551950	0	0	0	0	0	0
3	43	A	4	11.4750	0.0001819900	0	0	0	0	0	0
3	43	B	4	11.4750	0.0001819900	0	0	0	0	0	0
3	44	A	1	12.3915	0.0001143600	0	0	0	0	0	0
3	44	B	1	12.3915	0.0001143600	0	0	0	0	0	0
3	44	A	2	11.7924	0.0001227390	0	0	0	0	0	0
3	44	B	2	11.7924	0.0001227390	0	0	0	0	0	0
3	44	A	3	11.6692	0.0001360390	0	0	0	0	0	0
3	44	B	3	11.6692	0.0001360390	0	0	0	0	0	0
3	44	A	4	11.5841	0.0001546010	0	0	0	0	0	0
3	44	B	4	11.5841	0.0001546010	0	0	0	0	0	0
3	45	A	1	12.0050	0.0001109230	0	0	0	0	0	0
3	45	B	1	12.0050	0.0001109230	0	0	0	0	0	0
3	45	A	2	11.3409	0.0001182130	0	0	0	0	0	0
3	45	B	2	11.3409	0.0001182130	0	0	0	0	0	0
3	45	A	3	11.2059	0.0001399640	0	0	0	0	0	0
3	45	B	3	11.2059	0.0001399640	0	0	0	0	0	0
3	45	A	4	11.0846	0.0001629830	0	0	0	0	0	0
3	45	B	4	11.0846	0.0001629830	0	0	0	0	0	0
3	46	A	1	12.3684	0.0001080420	0	0	0	0	0	0
3	46	B	1	12.3684	0.0001080420	0	0	0	0	0	0
3	46	A	2	11.7255	0.0001116270	0	0	0	0	0	0
3	46	B	2	11.7255	0.0001116270	0	0	0	0	0	0
3	46	A	3	11.5813	0.0001288200	0	0	0	0	0	0
3	46	B	3	11.5813	0.0001288200	0	0	0	0	0	0
3	46	A	4	11.3241	0.0001537830	0	0	0	0	0	0
3	46	B	4	11.3241	0.0001537830	0	0	0	0	0	0
3	47	A	1	12.2236	0.0001103320	0	0	0	0	0	0
3	47	B	1	12.2236	0.0001103320	0	0	0	0	0	0
3	47	A	2	11.6675	0.0001201480	0	0	0	0	0	0
3	47	B	2	11.6675	0.0001201480	0	0	0	0	0	0
3	47	A	3	11.4970	0.0001283790	0	0	0	0	0	0
3	47	B	3	11.4970	0.0001283790	0	0	0	0	0	0
3	47	A	4	11.2484	0.0001553270	0	0	0	0	0	0
3	47	B	4	11.2484	0.0001553270	0	0	0	0	0	0
3	48	A	1	12.4225	0.0001225520	0	0	0	0	0	0
3	48	B	1	12.4225	0.0001225520	0	0	0	0	0	0
3	48	A	2	11.7722	0.0001226710	0	0	0	0	0	0
3	48	B	2	11.7722	0.0001226710	0	0	0	0	0	0
3	48	A	3	11.7018	0.0001372320	0	0	0	0	0	0
3	48	B	3	11.7018	0.0001372320	0	0	0	0	0	0
3	48	A	4	11.4272	0.0001634290	0	0	0	0	0	0
3	48	B	4	11.4272	0.0001634290	0	0	0	0	0	0
3	49	A	1	11.9343	0.0001214730	0	0	0	0	0	0
3	49	B	1	11.9343	0.0001214730	0	0	0	0	0	0
3	49	A	2	11.5505	0.0001297360	0	0	0	0	0	0
3	49	B	2	11.5505	0.0001297360	0	0	0	0	0	0
3	49	A	3	11.3610	0.0001422050	0	0	0	0	0	0
3	49	B	3	11.3610	0.0001422050	0	0	0	0	0	0
3	49	A	4	11.1393	0.0001661870	0	0	0	0	0	0
3	49	B	4	11.1393	0.0001661870	0	0	0	0	0	0
3	50	A	1	12.3061	0.0001186250	0	0	0	0	0	0
3	50	B	1	12.3061	0.0001186250	0	0	0	0	0	0
3	50	A	2	11.7571	0.0001315320	0	0	0	0	0	0
3	50	B	2	11.7571	0.0001315320	0	0	0	0	0	0
3	50	A	3	11.9589	0.0001389770	0	0	0	0	0	0
3	50	B	3	11.9589	0.0001389770	0	0	0	0	0	0
3	50	A	4	11.5653	0.0001752520	0	0	0	0	0	0
3	50	B	4	11.5653	0.0001752520	0	0	0	0	0	0
3	51	A	1	12.0696	0.0001158380	0	0	0	0	0	0
3	51	B	1	12.0696	0.0001158380	0	0	0	0	0	0
3	51	A	2	11.4545	0.0001202330	0	0	0	0	0	0
3	51	B	2	11.4545	0.0001202330	0	0	0	0	0	0
3	51	A	3	11.1537	0.0001311920	0	0	0	0	0	0
3	51	B	3	11.1537	0.0001311920	0	0	0	0	0	0
3	51	A	4	10.9197	0.0001505860	0	0	0	0	0	0
3	51	B	4	10.9197	0.0001505860	0	0	0	0	0	0
3	52	A	1	11.9549	0.0001240790	0	0	0	0	0	0
3	52	B	1	11.9549	0.0001240790	0	0	0	0	0	0
3	52	A	2	11.3767	0.0001207020	0	0	0	0	0	0
3	52	B	2	11.3767	0.0001207020	0	0	0	0	0	0
3	52	A	3	11.2369	0.0001347360	0	0	0	0	0	0
3	52	B	3	11.2369	0.0001347360	0	0	0	0	0	0
3	52	A	4	10.9076	0.0001483580	0	0	0	0	0	0
3	52	B	4	10.9076	0.0001483580	0	0	0	0	0	0
3	53	A	1	12.0899	0.0001154810	0	0	0	0	0	0
3	53	B	1	12.0899	0.0001154810	0	0	0	0	0	0
3	53	A	2	11.5689	0.0001206660	0	0	0	0	0	0
3	53	B	2	11.5689	0.0001206660	0	0	0	0	0	0
3	53	A	3	11.1863	0.0001274230	0	0	0	0	0	0
3	53	B	3	11.1863	0.0001274230	0	0	0	0	0	0
3	53	A	4	11.0584	0.0001489200	0	0	0	0	0	0
3	53	B	4	11.0584	0.0001489200	0	0	0	0	0	0
3	54	A	1	12.1970	0.0001336000	0	0	0	0	0	0
3	54	B	1	12.1970	0.0001336000	0	0	0	0	0	0
3	54	A	2	11.5808	0.0001387800	0	0	0	0	0	0
3	54	B	2	11.5808	0.0001387800	0	0	0	0	0	0
3	54	A	3	11.3848	0.0001735220	0	0	0	0	0	0
3	54	B	3	11.3848	0.0001735220	0	0	0	0	0	0
3	54	A	4	11.2948	0.0001913520	0	0	0	0	0	0
3	54	B	4	11.2948	0.0001913520	0	0	0	0	0	0
3	55	A	1	12.3160	0.0001853120	0	0	0	0	0	0
3	55	B	1	12.3160	0.0001853120	0	0	0	0	0	0
3	55	A	2	11.8509	0.0001645630	0	0	0	0	0	0
3	55	B	2	11.8509	0.0001645630	0	0	0	0	0	0
3	55	A	3	11.4625	0.0001646160	0	0	0	0	0	0
3	55	B	3	11.4625	0.0001646160	0	0	0	0	0	0
3	55	A	4	11.2319	0.0001821230	0	0	0	0	0	0
3	55	B	4	11.2319	0.0001821230	0	0	0	0	0	0
3	56	A	1	11.9756	0.0001283490	0	0	0	0	0	0
3	56	B	1	11.9756	0.0001283490	0	0	0	0	0	0
3	56	A	2	11.4760	0.0001301780	0	0	0	0	0	0
3	56	B	2	11.4760	0.0001301780	0	0	0	0	0	0
3	56	A	3	11.3109	0.0001412600	0	0	0	0	0	0
3	56	B	3	11.3109	0.0001412600	0	0	0	0	0	0
3	56	A	4	11.1798	0.0001780840	0	0	0	0	0	0
3	56	B	4	11.1798	0.0001780840	0	0	0	0	0	0
3	57	A	1	12.2683	0.0001264080	0	0	0	0	0	0
3	57	B	1	12.2683	0.0001264080	0	0	0	0	0	0
3	57	A	2	11.7300	0.0001327120	0	0	0	0	0	0
3	57	B	2	11.7300	0.0001327120	0	0	0	0	0	0
3	57	A	3	11.4621	0.0001441940	0	0	0	0	0	0
3	57	B	3	11.4621	0.0001441940	0	0	0	0	0	0
3	57	A	4	11.2448	0.0001618810	0	0	0	0	0	0
3	57	B	4	11.2448	0.0001618810	0	0	0	0	0	0
3	58	A	1	12.2442	0.0001268250	0	0	0	0	0	0
3	58	B	1	12.2442	0.0001268250	0	0	0	0	0	0
3	58	A	2	11.6392	0.0001396750	0	0	0	0	0	0
3	58	B	2	11.6392	0.0001396750	0	0	0	0	0	0
3	58	A	3	11.3972	0.0001615280	0	0	0	0	0	0
3	58	B	3	11.3972	0.0001615280	0	0	0	0	0	0
3	58	A	4	11.3156	0.0001963200	0	0	0	0	0	0
3	58	B	4	11.3156	0.0001963200	0	0	0	0	0	0
3	59	A	1	12.1513	0.0001217300	0	0	0	0	0	0
3	59	B	1	12.1513	0.0001217300	0	0	0	0	0	0
3	59	A	2	11.6329	0.0001252780	0	0	0	0	0	0
3	59	B	2	11.6329	0.0001252780	0	0	0	0	0	0
3	59	A	3	11.2857	0.0001424730	0	0	0	0	0	0
3	59	B	3	11.2857	0.0001424730	0	0	0	0	0	0
3	59	A	4	11.0445	0.0001566830	0	0	0	0	0	0
3	59	B	4	11.0445	0.0001566830	0	0	0	0	0	0
3	60	A	1	12.2353	0.0001220080	0	0	0	0	0	0
3	60	B	1	12.2353	0.0001220080	0	0	0	0	0	0
3	60	A	2	11.5599	0.0001285870	0	0	0	0	0	0
3	60	B	2	11.5599	0.0001285870	0	0	0	0	0	0
3	60	A	3	11.3699	0.0001558280	0	0	0	0	0	0
3	60	B	3	11.3699	0.0001558280	0	0	0	0	0	0
3	60	A	4	11.1613	0.0001574360	0	0	0	0	0	0
3	60	B	4	11.1613	0.0001574360	0	0	0	0	0	0
3	61	A	1	12.2661	0.0001222010	0	0	0	0	0	0
3	61	B	1	12.2661	0.0001222010	0	0	0	0	0	0
3	61	A	2	11.7256	0.0001342830	0	0	0	0	0	0
3	61	B	2	11.7256	0.0001342830	0	0	0	0	0	0
3	61	A	3	11.7890	0.0001428160	0	0	0	0	0	0
3	61	B	3	11.7890	0.0001428160	0	0	0	0	0	0
3	61	A	4	11.4949	0.0001667490	0	0	0	0	0	0
3	61	B	4	11.4949	0.0001667490	0	0	0	0	0	0
3	62	A	1	12.2858	0.0001312020	0	0	0	0	0	0
3	62	B	1	12.2858	0.0001312020	0	0	0	0	0	0
3	62	A	2	11.6604	0.0001373880	0	0	0	0	0	0
3	62	B	2	11.6604	0.0001373880	0	0	0	0	0	0
3	62	A	3	12.1977	0.0001485960	0	0	0	0	0	0
3	62	B	3	12.1977	0.0001485960	0	0	0	0	0	0
3	62	A	4	11.7159	0.0001754680	0	0	0	0	0	0
3	62	B	4	11.7159	0.0001754680	0	0	0	0	0	0
3	63	A	1	12.2721	0.0001567480	0	0	0	0	0	0
3	63	B	1	12.2721	0.0001567480	0	0	0	0	0	0
3	63	A	2	11.6723	0.0001511620	0	0	0	0	0	0
3	63	B	2	11.6723	0.0001511620	0	0	0	0	0	0
3	63	A	3	11.7036	0.0001532260	0	0	0	0	0	0
3	63	B	3	11.7036	0.0001532260	0	0	0	0	0	0
3	63	A	4	11.4231	0.0001681510	0	0	0	0	0	0
3	63	B	4	11.4231	0.0001681510	0	0	0	0	0	0
3	64	A	1	12.4494	0.0001374440	0	0	0	0	0	0
3	64	B	1	12.4494	0.0001374440	0	0	0	0	0	0
3	64	A	2	11.5957	0.0001512500	0	0	0	0	0	0
3	64	B	2	11.5957	0.0001512500	0	0	0	0	0	0
3	64	A	3	11.8710	0.0001651320	0	0	0	0	0	0
3	64	B	3	11.8710	0.0001651320	0	0	0	0	0	0
3	64	A	4	11.3979	0.0001704940	0	0	0	0	0	0
3	64	B	4	11.3979	0.0001704940	0	0	0	0	0	0
3	65	A	1	12.3795	0.0001350500	0	0	0	0	0	0
3	65	B	1	12.3795	0.0001350500	0	0	0	0	0	0
3	65	A	2	11.8138	0.0001495310	0	0	0	0	0	0
3	65	B	2	11.8138	0.0001495310	0	0	0	0	0	0
3	65	A	3	11.5531	0.0001655110	0	0	0	0	0	0
3	65	B	3	11.5531	0.0001655110	0	0	0	0	0	0
3	65	A	4	11.4241	0.0001948170	0	0	0	0	0	0
3	65	B	4	11.4241	0.0001948170	0	0	0	0	0	0
3	66	A	1	12.8933	0.0001607340	0	0	0	0	0	0
3	66	B	1	12.8933	0.0001607340	0	0	0	0	0	0
3	66	A	2	12.3655	0.0001724400	0	0	0	0	0	0
3	66	B	2	12.3655	0.0001724400	0	0	0	0	0	0
3	66	A	3	12.2409	0.0001842930	0	0	0	0	0	0
3	66	B	3	12.2409	0.0001842930	0	0	0	0	0	0
3	66	A	4	11.9784	0.0002121650	0	0	0	0	0	0
3	66	B	4	11.9784	0.0002121650	0	0	0	0	0	0
3	67	A	1	12.6095	0.0001888120	0	0	0	0	0	0
3	67	B	1	12.6095	0.0001888120	0	0	0	0	0	0
3	67	A	2	12.0562	0.0001847950	0	0	0	0	0	0
3	67	B	2	12.0562	0.0001847950	0	0	0	0	0	0
3	67	A	3	11.8109	0.0001894900	0	0	0	0	0	0
3	67	B	3	11.8109	0.0001894900	0	0	0	0	0	0
3	67	A	4	11.5595	0.0002157710	0	0	0	0	0	0
3	67	B	4	11.5595	0.0002157710	0	0	0	0	0	0
3	68	A	1	12.4595	0.0001277030	0	0	0	0	0	0
3	68	B	1	12.4595	0.0001277030	0	0	0	0	0	0
3	68	A	2	11.9229	0.0001343690	0	0	0	0	0	0
3	68	B	2	11.9229	0.0001343690	0	0	0	0	0	0
3	68	A	3	11.8300	0.0001479700	0	0	0	0	0	0
3	68	B	3	11.8300	0.0001479700	0	0	0	0	0	0
3	68	A	4	11.5570	0.0001589300	0	0	0	0	0	0
3	68	B	4	11.5570	0.0001589300	0	0	0	0	0	0
3	69	A	1	12.5891	0.0001462410	0	0	0	0	0	0
3	69	B	1	12.5891	0.0001462410	0	0	0	0	0	0
3	69	A	2	11.8587	0.0001490900	0	0	0	0	0	0
3	69	B	2	11.8587	0.0001490900	0	0	0	0	0	0
3	69	A	3	11.6387	0.0001728550	0	0	0	0	0	0
3	69	B	3	11.6387	0.0001728550	0	0	0	0	0	0
3	69	A	4	11.4372	0.0001934700	0	0	0	0	0	0
3	69	B	4	11.4372	0.0001934700	0	0	0	0	0	0
3	70	A	1	12.7901	0.0001452500	0	0	0	0	0	0
3	70	B	1	12.7901	0.0001452500	0	0	0	0	0	0
3	70	A	2	12.2975	0.0001621240	0	0	0	0	0	0
3	70	B	2	12.2975	0.0001621240	0	0	0	0	0	0
3	70	A	3	12.0324	0.0001539580	0	0	0	0	0	0
3	70	B	3	12.0324	0.0001539580	0	0	0	0	0	0
3	70	A	4	11.6618	0.0001808650	0	0	0	0	0	0
3	70	B	4	11.6618	0.0001808650	0	0	0	0	0	0
3	71	A	1	12.5186	0.0001356980	0	0	0	0	0	0
3	71	B	1	12.5186	0.0001356980	0	0	0	0	0	0
3	71	A	2	11.9554	0.0001426420	0	0	0	0	0	0
3	71	B	2	11.9554	0.0001426420	0	0	0	0	0	0
3	71	A	3	11.7347	0.0001536800	0	0	0	0	0	0
3	71	B	3	11.7347	0.0001536800	0	0	0	0	0	0
3	71	A	4	11.3394	0.0001965060	0	0	0	0	0	0
3	71	B	4	11.3394	0.0001965060	0	0	0	0	0	0
3	72	A	1	12.9586	0.0001406200	0	0	0	0	0	0
3	72	B	1	12.9586	0.0001406200	0	0	0	0	0	0
3	72	A	2	12.2405	0.0001469210	0	0	0	0	0	0
3	72	B	2	12.2405	0.0001469210	0	0	0	0	0	0
3	72	A	3	12.0670	0.0001636770	0	0	0	0	0	0
3	72	B	3	12.0670	0.0001636770	0	0	0	0	0	0
3	72	A	4	11.7594	0.0001753500	0	0	0	0	0	0
3	72	B	4	11.7594	0.0001753500	0	0	0	0	0	0
3	73	A	1	12.6927	0.0001296790	0	0	0	0	0	0
3	73	B	1	12.6927	0.0001296790	0	0	0	0	0	0
3	73	A	2	12.0369	0.0001440700	0	0	0	0	0	0
3	73	B	2	12.0369	0.0001440700	0	0	0	0	0	0
3	73	A	3	11.7362	0.0001332690	0	0	0	0	0	0
3	73	B	3	11.7362	0.0001332690	0	0	0	0	0	0
3	73	A	4	11.3955	0.0001636980	0	0	0	0	0	0
3	73	B	4	11.3955	0.0001636980	0	0	0	0	0	0
3	74	A	1	12.6371	0.0001321490	0	0	0	0	0	0
3	74	B	1	12.6371	0.0001321490	0	0	0	0	0	0
3	74	A	2	12.1041	0.0001323800	0	0	0	0	0	0
3	74	B	2	12.1041	0.0001323800	0	0	0	0	0	0
3	74	A	3	12.1872	0.0001379300	0	0	0	0	0	0
3	74	B	3	12.1872	0.0001379300	0	0	0	0	0	0
3	74	A	4	11.8323	0.0001598470	0	0	0	0	0	0
3	74	B	4	11.8323	0.0001598470	0	0	0	0	0	0
3	75	A	1	12.5808	0.0001253410	0	0	0	0	0	0
3	75	B	1	12.5808	0.0001253410	0	0	0	0	0	0
3	75	A	2	11.9481	0.0001252390	0	0	0	0	0	0
3	75	B	2	11.9481	0.0001252390	0	0	0	0	0	0
3	75	A	3	11.5989	0.0001345410	0	0	0	0	0	0
3	75	B	3	11.5989	0.0001345410	0	0	0	0	0	0
3	75	A	4	11.2945	0.0001511160	0	0	0	0	0	0
3	75	B	4	11.2945	0.0001511160	0	0	0	0	0	0
3	76	A	1	12.3590	0.0001208500	0	0	0	0	0	0
3	76	B	1	12.3590	0.0001208500	0	0	0	0	0	0
3	76	A	2	11.6263	0.0001313240	0	0	0	0	0	0
3	76	B	2	11.6263	0.0001313240	0	0	0	0	0	0
3	76	A	3	11.5478	0.0001367080	0	0	0	0	0	0
3	76	B	3	11.5478	0.0001367080	0	0	0	0	0	0
3	76	A	4	11.2408	0.0001737520	0	0	0	0	0	0
3	76	B	4	11.2408	0.0001737520	0	0	0	0	0	0
3	77	A	1	12.7129	0.0001329000	0	0	0	0	0	0
3	77	B	1	12.7129	0.0001329000	0	0	0	0	0	0
3	77	A	2	11.9840	0.0001377360	0	0	0	0	0	0
3	77	B	2	11.9840	0.0001377360	0	0	0	0	0	0
3	77	A	3	11.6049	0.0001478150	0	0	0	0	0	0
3	77	B	3	11.6049	0.0001478150	0	0	0	0	0	0
3	77	A	4	11.4608	0.0001623290	0	0	0	0	0	0
3	77	B	4	11.4608	0.0001623290	0	0	0	0	0	0
3	78	A	1	12.4726	0.0001491260	0	0	0	0	0	0
3	78	B	1	12.4726	0.0001491260	0	0	0	0	0	0
3	78	A	2	11.5673	0.0001386330	0	0	0	0	0	0
3	78	B	2	11.5673	0.0001386330	0	0	0	0	0	0
3	78	A	3	11.3792	0.0001514320	0	0	0	0	0	0
3	78	B	3	11.3792	0.0001514320	0	0	0	0	0	0
3	78	A	4	11.2236	0.0001708120	0	0	0	0	0	0
3	78	B	4	11.2236	0.0001708120	0	0	0	0	0	0
3	79	A	1	12.2095	0.0001639500	0	0	0	0	0	0
3	79	B	1	12.2095	0.0001639500	0	0	0	0	0	0
3	79	A	2	11.4900	0.0001585640	0	0	0	0	0	0
3	79	B	2	11.4900	0.0001585640	0	0	0	0	0	0
3	79	A	3	11.1824	0.0001721510	0	0	0	0	0	0
3	79	B	3	11.1824	0.0001721510	0	0	0	0	0	0
3	79	A	4	11.0041	0.0002082690	0	0	0	0	0	0
3	79	B	4	11.0041	0.0002082690	0	0	0	0	0	0
3	80	A	1	12.2444	0.0001333160	0	0	0	0	0	0
3	80	B	1	12.2444	0.0001333160	0	0	0	0	0	0
3	80	A	2	11.6551	0.0001350420	0	0	0	0	0	0
3	80	B	2	11.6551	0.0001350420	0	0	0	0	0	0
3	80	A	3	11.5548	0.0001579180	0	0	0	0	0	0
3	80	B	3	11.5548	0.0001579180	0	0	0	0	0	0
3	80	A	4	11.4070	0.0001705730	0	0	0	0	0	0
3	80	B	4	11.4070	0.0001705730	0	0	0	0	0	0
3	81	A	1	11.9538	0.0001126530	0	0	0	0	0	0
3	81	B	1	11.9538	0.0001126530	0	0	0	0	0	0
3	81	A	2	11.4337	0.0001259090	0	0	0	0	0	0
3	81	B	2	11.4337	0.0001259090	0	0	0	0	0	0
3	81	A	3	11.1394	0.0001309330	0	0	0	0	0	0
3	81	B	3	11.1394	0.0001309330	0	0	0	0	0	0
3	81	A	4	10.9125	0.0001547300	0	0	0	0	0	0
3	81	B	4	10.9125	0.0001547300	0	0	0	0	0	0
3	82	A	1	12.2058	0.0001162950	0	0	0	0	0	0
3	82	B	1	12.2058	0.0001162950	0	0	0	0	0	0
3	82	A	2	11.5902	0.0001258950	0	0	0	0	0	0
3	82	B	2	11.5902	0.0001258950	0	0	0	0	0	0
3	82	A	3	11.4741	0.0001424500	0	0	0	0	0	0
3	82	B	3	11.4741	0.0001424500	0	0	0	0	0	0
3	82	A	4	11.3173	0.0001725300	0	0	0	0	0	0
3	82	B	4	11.3173	0.0001725300	0	0	0	0	0	0
3	83	A	1	12.2699	0.0001238420	0	0	0	0	0	0
3	83	B	1	12.2699	0.0001238420	0	0	0	0	0	0
3	83	A	2	11.7134	0.0001295030	0	0	0	0	0	0
3	83	B	2	11.7134	0.0001295030	0	0	0	0	0	0
3	83	A	3	11.4364	0.0001347150	0	0	0	0	0	0
3	83	B	3	11.4364	0.0001347150	0	0	0	0	0	0
3	83	A	4	11.1240	0.0001627530	0	0	0	0	0	0
3	83	B	4	11.1240	0.0001627530	0	0	0	0	0	0
3	84	A	1	12.1282	0.0001150010	0	0	0	0	0	0
3	84	B	1	12.1282	0.0001150010	0	0	0	0	0	0
3	84	A	2	11.4893	0.0001258720	0	0	0	0	0	0
3	84	B	2	11.4893	0.0001258720	0	0	0	0	0	0
3	84	A	3	11.3439	0.0001327570	0	0	0	0	0	0
3	84	B	3	11.3439	0.0001327570	0	0	0	0	0	0
3	84	A	4	11.1633	0.0001515760	0	0	0	0	0	0
3	84	B	4	11.1633	0.0001515760	0	0	0	0	0	0
3	85	A	1	12.0239	0.0001174950	0	0	0	0	0	0
3	85	B	1	12.0239	0.0001174950	0	0	0	0	0	0
3	85	A	2	11.3923	0.0001297840	0	0	0	0	0	0
3	85	B	2	11.3923	0.0001297840	0	0	0	0	0	0
3	85	A	3	11.2633	0.0001337710	0	0	0	0	0	0
3	85	B	3	11.2633	0.0001337710	0	0	0	0	0	0
3	85	A	4	10.9287	0.0001628960	0	0	0	0	0	0
3	85	B	4	10.9287	0.0001628960	0	0	0	0	0	0
3	86	A	1	12.3055	0.0001241950	0	0	0	0	0	0
3	86	B	1	12.3055	0.0001241950	0	0	0	0	0	0
3	86	A	2	11.7061	0.0001490060	0	0	0	0	0	0
3	86	B	2	11.7061	0.0001490060	0	0	0	0	0	0
3	86	A	3	11.9178	0.0001561400	0	0	0	0	0	0
3	86	B	3	11.9178	0.0001561400	0	0	0	0	0	0
3	86	A	4	11.6419	0.0001706900	0	0	0	0	0	0
3	86	B	4	11.6419	0.0001706900	0	0	0	0	0	0
3	87	A	1	12.3551	0.0001278470	0	0	0	0	0	0
3	87	B	1	12.3551	0.0001278470	0	0	0	0	0	0
3	87	A	2	11.6448	0.0001293160	0	0	0	0	0	0
3	87	B	2	11.6448	0.0001293160	0	0	0	0	0	0
3	87	A	3	11.4702	0.0001391030	0	0	0	0	0	0
3	87	B	3	11.4702	0.0001391030	0	0	0	0	0	0
3	87	A	4	11.0652	0.0001516400	0	0	0	0	0	0
3	87	B	4	11.0652	0.0001516400	0	0	0	0	0	0
3	88	A	1	12.7411	0.0001189680	0	0	0	0	0	0
3	88	B	1	12.7411	0.0001189680	0	0	0	0	0	0
3	88	A	2	11.8972	0.0001212700	0	0	0	0	0	0
3	88	B	2	11.8972	0.0001212700	0	0	0	0	0	0
3	88	A	3	11.9013	0.0001339320	0	0	0	0	0	0
3	88	B	3	11.9013	0.0001339320	0	0	0	0	0	0
3	88	A	4	11.3975	0.0001524910	0	0	0	0	0	0
3	88	B	4	11.3975	0.0001524910	0	0	0	0	0	0
3	89	A	1	12.4505	0.0001245720	0	0	0	0	0	0
3	89	B	1	12.4505	0.0001245720	0	0	0	0	0	0
3	89	A	2	11.7999	0.0001245310	0	0	0	0	0	0
3	89	B	2	11.7999	0.0001245310	0	0	0	0	0	0
3	89	A	3	11.5295	0.0001367920	0	0	0	0	0	0
3	89	B	3	11.5295	0.0001367920	0	0	0	0	0	0
3	89	A	4	11.2557	0.0001653150	0	0	0	0	0	0
3	89	B	4	11.2557	0.0001653150	0	0	0	0	0	0
3	90	A	1	11.9009	0.0002125620	0	0	0	0	0	0
3	90	B	1	11.9009	0.0002125620	0	0	0	0	0	0
3	90	A	2	12.4587	0.0002154300	0	0	0	0	0	0
3	90	B	2	12.4587	0.0002154300	0	0	0	0	0	0
3	90	A	3	12.2077	0.0002256780	0	0	0	0	0	0
3	90	B	3	12.2077	0.0002256780	0	0	0	0	0	0
3	90	A	4	11.8778	0.0002255200	0	0	0	0	0	0
3	90	B	4	11.8778	0.0002255200	0	0	0	0	0	0
3	91	A	1	12.0062	0.0001622050	0	0	0	0	0	0
3	91	B	1	12.0062	0.0001622050	0	0	0	0	0	0
3	91	A	2	11.4040	0.0001637650	0	0	0	0	0	0
3	91	B	2	11.4040	0.0001637650	0	0	0	0	0	0
3	91	A	3	11.2984	0.0001798920	0	0	0	0	0	0
3	91	B	3	11.2984	0.0001798920	0	0	0	0	0	0
3	91	A	4	11.0349	0.0002291950	0	0	0	0	0	0
3	91	B	4	11.0349	0.0002291950	0	0	0	0	0	0
3	92	A	1	12.5808	0.0001281070	0	0	0	0	0	0
3	92	B	1	12.5808	0.0001281070	0	0	0	0	0	0
3	92	A	2	12.0884	0.0001266680	0	0	0	0	0	0
3	92	B	2	12.0884	0.0001266680	0	0	0	0	0	0
3	92	A	3	11.7948	0.0001453670	0	0	0	0	0	0
3	92	B	3	11.7948	0.0001453670	0	0	0	0	0	0
3	92	A	4	11.4922	0.0001654030	0	0	0	0	0	0
3	92	B	4	11.4922	0.0001654030	0	0	0	0	0	0
3	93	A	1	12.5220	0.0001228030	0	0	0	0	0	0
3	93	B	1	12.5220	0.0001228030	0	0	0	0	0	0
3	93	A	2	11.8860	0.0001249680	0	0	0	0	0	0
3	93	B	2	11.8860	0.0001249680	0	0	0	0	0	0
3	93	A	3	11.5959	0.0001288090	0	0	0	0	0	0
3	93	B	3	11.5959	0.0001288090	0	0	0	0	0	0
3	93	A	4	11.2942	0.0001472080	0	0	0	0	0	0
3	93	B	4	11.2942	0.0001472080	0	0	0	0	0	0
3	94	A	1	12.3948	0.0001279800	0	0	0	0	0	0
3	94	B	1	12.3948	0.0001279800	0	0	0	0	0	0
3	94	A	2	11.7812	0.0001306970	0	0	0	0	0	0
3	94	B	2	11.7812	0.0001306970	0	0	0	0	0	0
3	94	A	3	11.6259	0.0001414940	0	0	0	0	0	0
3	94	B	3	11.6259	0.0001414940	0	0	0	0	0	0
3	94	A	4	11.3519	0.0001624050	0	0	0	0	0	0
3	94	B	4	11.3519	0.0001624050	0	0	0	0	0	0
3	95	A	1	12.6288	0.0001286890	0	0	0	0	0	0
3	95	B	1	12.6288	0.0001286890	0	0	0	0	0	0
3	95	A	2	11.8911	0.0001235830	0	0	0	0	0	0
3	95	B	2	11.8911	0.0001235830	0	0	0	0	0	0
3	95	A	3	11.6961	0.0001427420	0	0	0	0	0	0
3	95	B	3	11.6961	0.0001427420	0	0	0	0	0	0
3	95	A	4	11.3382	0.0001621190	0	0	0	0	0	0
3	95	B	4	11.3382	0.0001621190	0	0	0	0	0	0
3	96	A	1	12.6898	0.0001325370	0	0	0	0	0	0
3	96	B	1	12.6898	0.0001325370	0	0	0	0	0	0
3	96	A	2	12.0404	0.0001333370	0	0	0	0	0	0
3	96	B	2	12.0404	0.0001333370	0	0	0	0	0	0
3	96	A	3	11.8681	0.0001476120	0	0	0	0	0	0
3	96	B	3	11.8681	0.0001476120	0	0	0	0	0	0
3	96	A	4	11.4701	0.0001701320	0	0	0	0	0	0
3	96	B	4	11.4701	0.0001701320	0	0	0	0	0	0
